 1.00000000e+07 -9.04392595e+00 
 1.25892541e+07 -9.04392568e+00 
 1.58489319e+07 -9.04392525e+00 
 1.99526231e+07 -9.04392458e+00 
 2.51188643e+07 -9.04392351e+00 
 3.16227766e+07 -9.04392183e+00 
 3.98107171e+07 -9.04391915e+00 
 5.01187234e+07 -9.04391491e+00 
 6.30957344e+07 -9.04390818e+00 
 7.94328235e+07 -9.04389753e+00 
 1.00000000e+08 -9.04388064e+00 
 1.25892541e+08 -9.04385388e+00 
 1.58489319e+08 -9.04381148e+00 
 1.99526231e+08 -9.04374431e+00 
 2.51188643e+08 -9.04363792e+00 
 3.16227766e+08 -9.04346945e+00 
 3.98107171e+08 -9.04320274e+00 
 5.01187234e+08 -9.04278050e+00 
 6.30957344e+08 -9.04211070e+00 
 7.94328235e+08 -9.04103550e+00 
 1.00000000e+09 -9.03913998e+00 
 1.25892541e+09 -8.77829605e+00 
 1.58489319e+09 -9.03342118e+00 
 1.99526231e+09 -9.02831501e+00 
 2.51188643e+09 -9.02089023e+00 
 3.16227766e+09 -9.01087105e+00 
 3.98107171e+09 -8.99823999e+00 
 5.01187234e+09 -8.98419227e+00 
 6.30957344e+09 -8.96193447e+00 
 7.94328235e+09 -8.95248464e+00 
 1.00000000e+10 -8.93575060e+00 
