 0.00000000e+00  1.17290503e-01 
 2.00000000e-14  1.16697672e-01 
 4.00000000e-14  1.16197845e-01 
 8.00000000e-14  1.15291559e-01 
 1.60000000e-13  1.13768691e-01 
 3.20000000e-13  1.11347326e-01 
 6.40000000e-13  1.08445815e-01 
 1.28000000e-12  1.07826506e-01 
 2.56000000e-12  1.16604532e-01 
 4.56000000e-12  1.38192008e-01 
 6.56000000e-12  1.60197108e-01 
 8.28000000e-12  1.77726550e-01 
 1.00000000e-11  1.93593744e-01 
 1.02000000e-11  1.98929147e-01 
 1.06000000e-11  2.07192998e-01 
 1.14000000e-11  2.15563182e-01 
 1.30000000e-11  2.19525069e-01 
 1.50000000e-11  2.18488083e-01 
 1.70000000e-11  2.17684674e-01 
 1.90000000e-11  2.17163080e-01 
 2.10000000e-11  2.16889703e-01 
 2.30000000e-11  2.16660273e-01 
 2.50000000e-11  2.16546171e-01 
 2.70000000e-11  2.16411785e-01 
 2.90000000e-11  2.16346286e-01 
 3.10000000e-11  2.16243942e-01 
 3.30000000e-11  2.16192285e-01 
 3.50000000e-11  2.16101777e-01 
 3.70000000e-11  2.16053166e-01 
 3.90000000e-11  2.15967882e-01 
 4.10000000e-11  2.15919089e-01 
 4.30000000e-11  2.15836759e-01 
 4.50000000e-11  2.15786928e-01 
 4.70000000e-11  2.15706682e-01 
 4.90000000e-11  2.15655684e-01 
 5.10000000e-11  2.15577118e-01 
 5.30000000e-11  2.15525033e-01 
 5.50000000e-11  2.15447908e-01 
 5.70000000e-11  2.15394866e-01 
 5.90000000e-11  2.15319013e-01 
 6.10000000e-11  2.15265145e-01 
 6.30000000e-11  2.15190428e-01 
 6.50000000e-11  2.15135853e-01 
 6.70000000e-11  2.15062159e-01 
 6.90000000e-11  2.15006980e-01 
 7.10000000e-11  2.14934215e-01 
 7.30000000e-11  2.14878523e-01 
 7.50000000e-11  2.14806603e-01 
 7.70000000e-11  2.14750476e-01 
 7.90000000e-11  2.14679332e-01 
 8.10000000e-11  2.14622839e-01 
 8.30000000e-11  2.14552408e-01 
 8.50000000e-11  2.14495607e-01 
 8.70000000e-11  2.14425838e-01 
 8.90000000e-11  2.14368782e-01 
 9.10000000e-11  2.14299627e-01 
 9.30000000e-11  2.14242360e-01 
 9.50000000e-11  2.14173782e-01 
 9.70000000e-11  2.14116343e-01 
 9.90000000e-11  2.14048305e-01 
 1.01000000e-10  2.13990729e-01 
 1.03000000e-10  2.13923202e-01 
 1.05000000e-10  2.13865520e-01 
 1.07000000e-10  2.13798476e-01 
 1.09000000e-10  2.13740714e-01 
 1.11000000e-10  2.13674131e-01 
 1.13000000e-10  2.13616314e-01 
 1.15000000e-10  2.13550171e-01 
 1.17000000e-10  2.13492319e-01 
 1.19000000e-10  2.13426597e-01 
 1.21000000e-10  2.13368730e-01 
 1.23000000e-10  2.13303414e-01 
 1.25000000e-10  2.13245548e-01 
 1.27000000e-10  2.13180624e-01 
 1.29000000e-10  2.13122775e-01 
 1.31000000e-10  2.13058229e-01 
 1.33000000e-10  2.13000410e-01 
 1.35000000e-10  2.12936232e-01 
 1.37000000e-10  2.12878456e-01 
 1.39000000e-10  2.12814634e-01 
 1.41000000e-10  2.12756913e-01 
 1.43000000e-10  2.12693439e-01 
 1.45000000e-10  2.12635782e-01 
 1.47000000e-10  2.12572647e-01 
 1.49000000e-10  2.12515064e-01 
 1.51000000e-10  2.12452261e-01 
 1.53000000e-10  2.12394760e-01 
 1.55000000e-10  2.12332282e-01 
 1.57000000e-10  2.12274872e-01 
 1.59000000e-10  2.12212713e-01 
 1.61000000e-10  2.12155400e-01 
 1.63000000e-10  2.12093554e-01 
 1.65000000e-10  2.12036345e-01 
 1.67000000e-10  2.11974807e-01 
 1.69000000e-10  2.11917709e-01 
 1.71000000e-10  2.11856474e-01 
 1.73000000e-10  2.11799493e-01 
 1.75000000e-10  2.11738556e-01 
 1.77000000e-10  2.11681697e-01 
 1.79000000e-10  2.11621054e-01 
 1.81000000e-10  2.11564321e-01 
 1.83000000e-10  2.11503970e-01 
 1.85000000e-10  2.11447369e-01 
 1.87000000e-10  2.11387304e-01 
 1.89000000e-10  2.11330839e-01 
 1.91000000e-10  2.11271058e-01 
 1.93000000e-10  2.11214733e-01 
 1.95000000e-10  2.11155233e-01 
 1.97000000e-10  2.11099051e-01 
 1.99000000e-10  2.11039829e-01 
 2.00140000e-10  2.11008521e-01 
 2.01280000e-10  2.10974274e-01 
 2.01480000e-10  2.10969208e-01 
 2.01880000e-10  2.10957780e-01 
 2.02680000e-10  2.10934745e-01 
 2.04280000e-10  2.10888903e-01 
 2.06280000e-10  2.10831568e-01 
 2.08140000e-10  2.10778449e-01 
 2.10000000e-10  2.10725314e-01 
 2.10200000e-10  2.14354096e-01 
 2.10600000e-10  2.19259544e-01 
 2.11400000e-10  2.21088025e-01 
 2.12200000e-10  2.17354142e-01 
 2.13000000e-10  2.11286867e-01 
 2.13160000e-10  2.09929679e-01 
 2.13480000e-10  2.07141168e-01 
 2.14120000e-10  2.01280298e-01 
 2.15400000e-10  1.88769131e-01 
 2.17400000e-10  1.67645378e-01 
 2.18700000e-10  1.53131171e-01 
 2.20000000e-10  1.38235061e-01 
 2.20200000e-10  1.32287260e-01 
 2.20600000e-10  1.22918649e-01 
 2.21400000e-10  1.12874381e-01 
 2.23000000e-10  1.06812958e-01 
 2.24000000e-10  1.06559063e-01 
 2.25000000e-10  1.06447794e-01 
 2.25200000e-10  1.06456616e-01 
 2.25600000e-10  1.06453504e-01 
 2.26400000e-10  1.06448687e-01 
 2.28000000e-10  1.06465415e-01 
 2.30000000e-10  1.06493508e-01 
 2.32000000e-10  1.06528431e-01 
 2.34000000e-10  1.06560812e-01 
 2.36000000e-10  1.06597118e-01 
 2.38000000e-10  1.06630425e-01 
 2.40000000e-10  1.06666760e-01 
 2.42000000e-10  1.06700258e-01 
 2.44000000e-10  1.06736305e-01 
 2.46000000e-10  1.06769796e-01 
 2.48000000e-10  1.06805492e-01 
 2.50000000e-10  1.06838911e-01 
 2.52000000e-10  1.06874260e-01 
 2.54000000e-10  1.06907578e-01 
 2.56000000e-10  1.06942592e-01 
 2.58000000e-10  1.06975792e-01 
 2.60000000e-10  1.07010488e-01 
 2.62000000e-10  1.07043556e-01 
 2.64000000e-10  1.07077947e-01 
 2.66000000e-10  1.07110872e-01 
 2.68000000e-10  1.07144971e-01 
 2.70000000e-10  1.07177745e-01 
 2.72000000e-10  1.07211563e-01 
 2.74000000e-10  1.07244177e-01 
 2.76000000e-10  1.07277724e-01 
 2.78000000e-10  1.07310173e-01 
 2.80000000e-10  1.07343456e-01 
 2.82000000e-10  1.07375735e-01 
 2.84000000e-10  1.07408763e-01 
 2.86000000e-10  1.07440867e-01 
 2.88000000e-10  1.07473645e-01 
 2.90000000e-10  1.07505572e-01 
 2.92000000e-10  1.07538106e-01 
 2.94000000e-10  1.07569853e-01 
 2.96000000e-10  1.07602149e-01 
 2.98000000e-10  1.07633713e-01 
 3.00000000e-10  1.07665774e-01 
 3.02000000e-10  1.07697154e-01 
 3.04000000e-10  1.07728986e-01 
 3.06000000e-10  1.07760180e-01 
 3.08000000e-10  1.07791786e-01 
 3.10000000e-10  1.07822794e-01 
 3.12000000e-10  1.07854177e-01 
 3.14000000e-10  1.07884998e-01 
 3.16000000e-10  1.07916161e-01 
 3.18000000e-10  1.07946795e-01 
 3.20000000e-10  1.07977741e-01 
 3.22000000e-10  1.08008187e-01 
 3.24000000e-10  1.08038920e-01 
 3.26000000e-10  1.08069178e-01 
 3.28000000e-10  1.08099699e-01 
 3.30000000e-10  1.08129770e-01 
 3.32000000e-10  1.08160082e-01 
 3.34000000e-10  1.08189966e-01 
 3.36000000e-10  1.08220071e-01 
 3.38000000e-10  1.08249768e-01 
 3.40000000e-10  1.08279668e-01 
 3.42000000e-10  1.08309179e-01 
 3.44000000e-10  1.08338876e-01 
 3.46000000e-10  1.08368201e-01 
 3.48000000e-10  1.08397697e-01 
 3.50000000e-10  1.08426837e-01 
 3.52000000e-10  1.08456134e-01 
 3.54000000e-10  1.08485090e-01 
 3.56000000e-10  1.08514190e-01 
 3.58000000e-10  1.08542961e-01 
 3.60000000e-10  1.08571866e-01 
 3.62000000e-10  1.08600454e-01 
 3.64000000e-10  1.08629165e-01 
 3.66000000e-10  1.08657571e-01 
 3.68000000e-10  1.08686089e-01 
 3.70000000e-10  1.08714314e-01 
 3.72000000e-10  1.08742642e-01 
 3.74000000e-10  1.08770687e-01 
 3.76000000e-10  1.08798824e-01 
 3.78000000e-10  1.08826690e-01 
 3.80000000e-10  1.08854640e-01 
 3.82000000e-10  1.08882326e-01 
 3.84000000e-10  1.08910090e-01 
 3.86000000e-10  1.08937599e-01 
 3.88000000e-10  1.08965178e-01 
 3.90000000e-10  1.08992510e-01 
 3.92000000e-10  1.09019905e-01 
 3.94000000e-10  1.09047062e-01 
 3.96000000e-10  1.09074275e-01 
 3.98000000e-10  1.09101256e-01 
 3.99640000e-10  1.09162185e-01 
 4.01280000e-10  1.09429950e-01 
 4.01480000e-10  1.09468544e-01 
 4.01880000e-10  1.09513202e-01 
 4.02680000e-10  1.09411874e-01 
 4.04280000e-10  1.08752087e-01 
 4.06280000e-10  1.07614557e-01 
 4.08140000e-10  1.06553664e-01 
 4.10000000e-10  1.05594856e-01 
 4.10060000e-10  1.05562064e-01 
 4.10180000e-10  1.05489603e-01 
 4.10390000e-10  1.05338565e-01 
 4.10600000e-10  1.05170504e-01 
 4.10642000e-10  1.05135813e-01 
 4.10726000e-10  1.05066413e-01 
 4.10894000e-10  1.04929080e-01 
 4.11147000e-10  1.04733269e-01 
 4.11400000e-10  1.04559928e-01 
 4.11450600e-10  1.04528562e-01 
 4.11551800e-10  1.04467142e-01 
 4.11754200e-10  1.04352602e-01 
 4.11977100e-10  1.04239991e-01 
 4.12200000e-10  1.04142316e-01 
 4.12244580e-10  1.04124922e-01 
 4.12333740e-10  1.04091403e-01 
 4.12512060e-10  1.04032054e-01 
 4.12868700e-10  1.03944826e-01 
 4.13581980e-10  1.03851023e-01 
 4.15008540e-10  1.03821333e-01 
 4.17008540e-10  1.03907027e-01 
 4.19008540e-10  1.03979931e-01 
 4.21008540e-10  1.04022731e-01 
 4.23000000e-10  1.04061580e-01 
 4.23200000e-10  1.04065288e-01 
 4.23600000e-10  1.04072563e-01 
 4.24400000e-10  1.04086366e-01 
 4.25200000e-10  1.04099304e-01 
 4.25360000e-10  1.04101830e-01 
 4.25680000e-10  1.04106905e-01 
 4.26320000e-10  1.04117176e-01 
 4.27600000e-10  1.04137640e-01 
 4.29600000e-10  1.04168197e-01 
 4.30800000e-10  1.04185852e-01 
 4.32000000e-10  1.04203676e-01 
 4.32200000e-10  1.04206664e-01 
 4.32600000e-10  1.04212606e-01 
 4.33400000e-10  1.04224290e-01 
 4.35000000e-10  1.04247332e-01 
 4.37000000e-10  1.04276245e-01 
 4.39000000e-10  1.04304943e-01 
 4.41000000e-10  1.04333505e-01 
 4.43000000e-10  1.04361969e-01 
 4.45000000e-10  1.04390322e-01 
 4.47000000e-10  1.04418593e-01 
 4.49000000e-10  1.04446763e-01 
 4.51000000e-10  1.04474856e-01 
 4.53000000e-10  1.04502853e-01 
 4.55000000e-10  1.04530772e-01 
 4.57000000e-10  1.04558598e-01 
 4.59000000e-10  1.04586347e-01 
 4.61000000e-10  1.04614005e-01 
 4.63000000e-10  1.04641585e-01 
 4.65000000e-10  1.04669074e-01 
 4.67000000e-10  1.04696486e-01 
 4.69000000e-10  1.04723809e-01 
 4.71000000e-10  1.04751055e-01 
 4.73000000e-10  1.04778212e-01 
 4.75000000e-10  1.04805291e-01 
 4.77000000e-10  1.04832283e-01 
 4.79000000e-10  1.04859197e-01 
 4.81000000e-10  1.04886026e-01 
 4.83000000e-10  1.04912776e-01 
 4.85000000e-10  1.04939441e-01 
 4.87000000e-10  1.04966029e-01 
 4.89000000e-10  1.04992532e-01 
 4.91000000e-10  1.05018957e-01 
 4.93000000e-10  1.05045299e-01 
 4.95000000e-10  1.05071563e-01 
 4.97000000e-10  1.05097744e-01 
 4.99000000e-10  1.05123849e-01 
 5.01000000e-10  1.05149870e-01 
 5.03000000e-10  1.05175815e-01 
 5.05000000e-10  1.05201679e-01 
 5.07000000e-10  1.05227465e-01 
 5.09000000e-10  1.05253171e-01 
 5.11000000e-10  1.05278800e-01 
 5.13000000e-10  1.05304349e-01 
 5.15000000e-10  1.05329822e-01 
 5.17000000e-10  1.05355215e-01 
 5.19000000e-10  1.05380532e-01 
 5.21000000e-10  1.05405770e-01 
 5.23000000e-10  1.05430932e-01 
 5.25000000e-10  1.05456016e-01 
 5.27000000e-10  1.05481025e-01 
 5.29000000e-10  1.05505955e-01 
 5.31000000e-10  1.05530811e-01 
 5.33000000e-10  1.05555590e-01 
 5.35000000e-10  1.05580293e-01 
 5.37000000e-10  1.05604920e-01 
 5.39000000e-10  1.05629473e-01 
 5.41000000e-10  1.05653949e-01 
 5.43000000e-10  1.05678351e-01 
 5.45000000e-10  1.05702678e-01 
 5.47000000e-10  1.05726931e-01 
 5.49000000e-10  1.05751108e-01 
 5.51000000e-10  1.05775213e-01 
 5.53000000e-10  1.05799242e-01 
 5.55000000e-10  1.05823199e-01 
 5.57000000e-10  1.05847081e-01 
 5.59000000e-10  1.05870891e-01 
 5.61000000e-10  1.05894627e-01 
 5.63000000e-10  1.05918291e-01 
 5.65000000e-10  1.05941881e-01 
 5.67000000e-10  1.05965400e-01 
 5.69000000e-10  1.05988846e-01 
 5.71000000e-10  1.06012220e-01 
 5.73000000e-10  1.06035522e-01 
 5.75000000e-10  1.06058753e-01 
 5.77000000e-10  1.06081912e-01 
 5.79000000e-10  1.06105001e-01 
 5.81000000e-10  1.06128017e-01 
 5.83000000e-10  1.06150964e-01 
 5.85000000e-10  1.06173839e-01 
 5.87000000e-10  1.06196645e-01 
 5.89000000e-10  1.06219380e-01 
 5.91000000e-10  1.06242045e-01 
 5.93000000e-10  1.06264640e-01 
 5.95000000e-10  1.06287167e-01 
 5.97000000e-10  1.06309623e-01 
 5.99000000e-10  1.06332011e-01 
 6.00140000e-10  1.06344742e-01 
 6.01280000e-10  1.06357470e-01 
 6.01480000e-10  1.06359693e-01 
 6.01880000e-10  1.06364138e-01 
 6.02680000e-10  1.06373027e-01 
 6.04280000e-10  1.06390782e-01 
 6.06280000e-10  1.06412919e-01 
 6.08140000e-10  1.06433446e-01 
 6.10000000e-10  1.06453913e-01 
 6.10089400e-10  1.06446905e-01 
 6.10268200e-10  1.06418988e-01 
 6.10581100e-10  1.06328387e-01 
 6.10894000e-10  1.06220181e-01 
 6.10956580e-10  1.06199247e-01 
 6.11081740e-10  1.06159387e-01 
 6.11316770e-10  1.06098311e-01 
 6.11551800e-10  1.06056961e-01 
 6.11598806e-10  1.06051305e-01 
 6.11692818e-10  1.06041441e-01 
 6.11880842e-10  1.06030730e-01 
 6.12107291e-10  1.06034742e-01 
 6.12333740e-10  1.06056369e-01 
 6.12379030e-10  1.06062825e-01 
 6.12469609e-10  1.06076783e-01 
 6.12650769e-10  1.06110835e-01 
 6.13013087e-10  1.06201695e-01 
 6.13737724e-10  1.06453330e-01 
 6.15186997e-10  1.07117419e-01 
 6.17186997e-10  1.08208263e-01 
 6.19186997e-10  1.09415996e-01 
 6.21186997e-10  1.10948775e-01 
 6.22393499e-10  1.11760455e-01 
 6.23600000e-10  1.12107946e-01 
 6.23760000e-10  1.12126057e-01 
 6.24080000e-10  1.12156910e-01 
 6.24640000e-10  1.12190231e-01 
 6.25200000e-10  1.12208932e-01 
 6.25312000e-10  1.12211775e-01 
 6.25536000e-10  1.12217071e-01 
 6.25984000e-10  1.12225850e-01 
 6.26880000e-10  1.12238970e-01 
 6.28672000e-10  1.12257503e-01 
 6.30672000e-10  1.12274534e-01 
 6.32600000e-10  1.12290567e-01 
 6.32800000e-10  1.12292225e-01 
 6.33200000e-10  1.12295545e-01 
 6.34000000e-10  1.12302193e-01 
 6.35600000e-10  1.12315444e-01 
 6.37600000e-10  1.12331891e-01 
 6.39600000e-10  1.12348285e-01 
 6.41600000e-10  1.12364619e-01 
 6.43600000e-10  1.12380893e-01 
 6.45600000e-10  1.12397114e-01 
 6.47600000e-10  1.12413278e-01 
 6.49600000e-10  1.12429390e-01 
 6.51600000e-10  1.12445447e-01 
 6.53600000e-10  1.12461453e-01 
 6.55600000e-10  1.12477404e-01 
 6.57600000e-10  1.12493304e-01 
 6.59600000e-10  1.12509150e-01 
 6.61600000e-10  1.12524945e-01 
 6.63600000e-10  1.12540687e-01 
 6.65600000e-10  1.12556378e-01 
 6.67600000e-10  1.12572017e-01 
 6.69600000e-10  1.12587604e-01 
 6.71600000e-10  1.12603140e-01 
 6.73600000e-10  1.12618625e-01 
 6.75600000e-10  1.12634058e-01 
 6.77600000e-10  1.12649441e-01 
 6.79600000e-10  1.12664773e-01 
 6.81600000e-10  1.12680054e-01 
 6.83600000e-10  1.12695285e-01 
 6.85600000e-10  1.12710466e-01 
 6.87600000e-10  1.12725596e-01 
 6.89600000e-10  1.12740677e-01 
 6.91600000e-10  1.12755708e-01 
 6.93600000e-10  1.12770689e-01 
 6.95600000e-10  1.12785621e-01 
 6.97600000e-10  1.12800504e-01 
 6.99600000e-10  1.12815337e-01 
 7.01600000e-10  1.12830122e-01 
 7.03600000e-10  1.12844858e-01 
 7.05600000e-10  1.12859545e-01 
 7.07600000e-10  1.12874184e-01 
 7.09600000e-10  1.12888775e-01 
 7.11600000e-10  1.12903317e-01 
 7.13600000e-10  1.12917811e-01 
 7.15600000e-10  1.12932258e-01 
 7.17600000e-10  1.12946657e-01 
 7.19600000e-10  1.12961008e-01 
 7.21600000e-10  1.12975312e-01 
 7.23600000e-10  1.12989569e-01 
 7.25600000e-10  1.13003779e-01 
 7.27600000e-10  1.13017942e-01 
 7.29600000e-10  1.13032058e-01 
 7.31600000e-10  1.13046128e-01 
 7.33600000e-10  1.13060151e-01 
 7.35600000e-10  1.13074128e-01 
 7.37600000e-10  1.13088059e-01 
 7.39600000e-10  1.13101944e-01 
 7.41600000e-10  1.13115783e-01 
 7.43600000e-10  1.13129576e-01 
 7.45600000e-10  1.13143324e-01 
 7.47600000e-10  1.13157027e-01 
 7.49600000e-10  1.13170684e-01 
 7.51600000e-10  1.13184296e-01 
 7.53600000e-10  1.13197864e-01 
 7.55600000e-10  1.13211386e-01 
 7.57600000e-10  1.13224864e-01 
 7.59600000e-10  1.13238297e-01 
 7.61600000e-10  1.13251687e-01 
 7.63600000e-10  1.13265031e-01 
 7.65600000e-10  1.13278332e-01 
 7.67600000e-10  1.13291589e-01 
 7.69600000e-10  1.13304803e-01 
 7.71600000e-10  1.13317972e-01 
 7.73600000e-10  1.13331098e-01 
 7.75600000e-10  1.13344181e-01 
 7.77600000e-10  1.13357221e-01 
 7.79600000e-10  1.13370217e-01 
 7.81600000e-10  1.13383171e-01 
 7.83600000e-10  1.13396082e-01 
 7.85600000e-10  1.13408951e-01 
 7.87600000e-10  1.13421776e-01 
 7.89600000e-10  1.13434560e-01 
 7.91600000e-10  1.13447301e-01 
 7.93600000e-10  1.13460001e-01 
 7.95600000e-10  1.13472658e-01 
 7.97600000e-10  1.13481378e-01 
 7.99440000e-10  1.13453964e-01 
 8.01280000e-10  1.13227902e-01 
 8.01480000e-10  1.13197724e-01 
 8.01880000e-10  1.13165994e-01 
 8.02680000e-10  1.13275049e-01 
 8.04280000e-10  1.13923047e-01 
 8.06280000e-10  1.15042447e-01 
 8.08140000e-10  1.16094952e-01 
 8.10000000e-10  1.17051837e-01 
 8.10095658e-10  1.17106283e-01 
 8.10286974e-10  1.17228644e-01 
 8.10621777e-10  1.17481211e-01 
 8.10956580e-10  1.17745405e-01 
 8.11020803e-10  1.17794500e-01 
 8.11149248e-10  1.17890260e-01 
 8.11374027e-10  1.18044527e-01 
 8.11598806e-10  1.18182365e-01 
 8.11643762e-10  1.18207961e-01 
 8.11733673e-10  1.18258103e-01 
 8.11913497e-10  1.18351922e-01 
 8.12123618e-10  1.18450178e-01 
 8.12333740e-10  1.18535635e-01 
 8.12375764e-10  1.18550901e-01 
 8.12459813e-10  1.18580350e-01 
 8.12627910e-10  1.18632715e-01 
 8.12964105e-10  1.18712646e-01 
 8.13636494e-10  1.18807909e-01 
 8.14981273e-10  1.18868688e-01 
 8.16981273e-10  1.18834151e-01 
 8.18981273e-10  1.18796147e-01 
 8.20981273e-10  1.18790189e-01 
 8.22290636e-10  1.18790400e-01 
 8.23600000e-10  1.18791330e-01 
 8.23760000e-10  1.18791565e-01 
 8.24080000e-10  1.18792103e-01 
 8.24640000e-10  1.18793390e-01 
 8.25200000e-10  1.18795060e-01 
 8.25312000e-10  1.18795422e-01 
 8.25536000e-10  1.18796134e-01 
 8.25984000e-10  1.18797502e-01 
 8.26880000e-10  1.18800136e-01 
 8.28672000e-10  1.18806001e-01 
 8.30672000e-10  1.18813919e-01 
 8.32672000e-10  1.18822100e-01 
 8.34136000e-10  1.18828177e-01 
 8.35600000e-10  1.18834515e-01 
 8.35800000e-10  1.18835367e-01 
 8.36200000e-10  1.18837066e-01 
 8.37000000e-10  1.18840432e-01 
 8.38600000e-10  1.18847166e-01 
 8.40600000e-10  1.18855732e-01 
 8.42600000e-10  1.18864261e-01 
 8.44600000e-10  1.18872764e-01 
 8.46600000e-10  1.18881245e-01 
 8.48600000e-10  1.18889692e-01 
 8.50600000e-10  1.18898110e-01 
 8.52600000e-10  1.18906491e-01 
 8.54600000e-10  1.18914843e-01 
 8.56600000e-10  1.18923157e-01 
 8.58600000e-10  1.18931441e-01 
 8.60600000e-10  1.18939688e-01 
 8.62600000e-10  1.18947904e-01 
 8.64600000e-10  1.18956084e-01 
 8.66600000e-10  1.18964234e-01 
 8.68600000e-10  1.18972347e-01 
 8.70600000e-10  1.18980430e-01 
 8.72600000e-10  1.18988478e-01 
 8.74600000e-10  1.18996495e-01 
 8.76600000e-10  1.19004477e-01 
 8.78600000e-10  1.19012428e-01 
 8.80600000e-10  1.19020345e-01 
 8.82600000e-10  1.19028232e-01 
 8.84600000e-10  1.19036085e-01 
 8.86600000e-10  1.19043907e-01 
 8.88600000e-10  1.19051696e-01 
 8.90600000e-10  1.19059455e-01 
 8.92600000e-10  1.19067181e-01 
 8.94600000e-10  1.19074876e-01 
 8.96600000e-10  1.19082539e-01 
 8.98600000e-10  1.19090172e-01 
 9.00600000e-10  1.19097773e-01 
 9.02600000e-10  1.19105344e-01 
 9.04600000e-10  1.19112883e-01 
 9.06600000e-10  1.19120393e-01 
 9.08600000e-10  1.19127871e-01 
 9.10600000e-10  1.19135319e-01 
 9.12600000e-10  1.19142736e-01 
 9.14600000e-10  1.19150124e-01 
 9.16600000e-10  1.19157481e-01 
 9.18600000e-10  1.19164809e-01 
 9.20600000e-10  1.19172107e-01 
 9.22600000e-10  1.19179375e-01 
 9.24600000e-10  1.19186614e-01 
 9.26600000e-10  1.19193823e-01 
 9.28600000e-10  1.19201003e-01 
 9.30600000e-10  1.19208154e-01 
 9.32600000e-10  1.19215276e-01 
 9.34600000e-10  1.19222369e-01 
 9.36600000e-10  1.19229433e-01 
 9.38600000e-10  1.19236469e-01 
 9.40600000e-10  1.19243476e-01 
 9.42600000e-10  1.19250454e-01 
 9.44600000e-10  1.19257405e-01 
 9.46600000e-10  1.19264327e-01 
 9.48600000e-10  1.19271221e-01 
 9.50600000e-10  1.19278087e-01 
 9.52600000e-10  1.19284926e-01 
 9.54600000e-10  1.19291737e-01 
 9.56600000e-10  1.19298519e-01 
 9.58600000e-10  1.19305275e-01 
 9.60600000e-10  1.19312004e-01 
 9.62600000e-10  1.19318705e-01 
 9.64600000e-10  1.19325379e-01 
 9.66600000e-10  1.19332026e-01 
 9.68600000e-10  1.19338646e-01 
 9.70600000e-10  1.19345240e-01 
 9.72600000e-10  1.19351806e-01 
 9.74600000e-10  1.19358347e-01 
 9.76600000e-10  1.19364860e-01 
 9.78600000e-10  1.19371348e-01 
 9.80600000e-10  1.19377809e-01 
 9.82600000e-10  1.19384245e-01 
 9.84600000e-10  1.19390654e-01 
 9.86600000e-10  1.19397038e-01 
 9.88600000e-10  1.19403395e-01 
 9.90600000e-10  1.19409727e-01 
 9.92600000e-10  1.19416034e-01 
 9.94600000e-10  1.19422315e-01 
 9.96600000e-10  1.19428570e-01 
 9.98600000e-10  1.19434801e-01 
 9.99940000e-10  1.19438958e-01 
 1.00128000e-09  1.19443094e-01 
 1.00148000e-09  1.19443715e-01 
 1.00188000e-09  1.19444955e-01 
 1.00268000e-09  1.19447430e-01 
 1.00428000e-09  1.19452359e-01 
 1.00628000e-09  1.19458494e-01 
 1.00814000e-09  1.19464177e-01 
 1.01000000e-09  1.19469839e-01 
 1.01010208e-09  1.19479447e-01 
 1.01030624e-09  1.19514341e-01 
 1.01066352e-09  1.19619531e-01 
 1.01102080e-09  1.19736847e-01 
 1.01107860e-09  1.19754253e-01 
 1.01119420e-09  1.19787083e-01 
 1.01139650e-09  1.19833958e-01 
 1.01159881e-09  1.19867317e-01 
 1.01163927e-09  1.19872232e-01 
 1.01172019e-09  1.19881058e-01 
 1.01188203e-09  1.19892469e-01 
 1.01212890e-09  1.19892934e-01 
 1.01237576e-09  1.19874167e-01 
 1.01242514e-09  1.19868085e-01 
 1.01252389e-09  1.19854750e-01 
 1.01272138e-09  1.19821243e-01 
 1.01311637e-09  1.19729420e-01 
 1.01390635e-09  1.19470997e-01 
 1.01548631e-09  1.18784461e-01 
 1.01748631e-09  1.17749875e-01 
 1.01948631e-09  1.16577812e-01 
 1.02148631e-09  1.15197195e-01 
 1.02254315e-09  1.14562293e-01 
 1.02360000e-09  1.14256652e-01 
 1.02376000e-09  1.14238480e-01 
 1.02408000e-09  1.14207857e-01 
 1.02464000e-09  1.14176637e-01 
 1.02520000e-09  1.14161996e-01 
 1.02531200e-09  1.14160198e-01 
 1.02553600e-09  1.14157082e-01 
 1.02598400e-09  1.14153103e-01 
 1.02688000e-09  1.14150701e-01 
 1.02867200e-09  1.14155497e-01 
 1.03067200e-09  1.14165344e-01 
 1.03240400e-09  1.14174204e-01 
 1.03413600e-09  1.14183035e-01 
 1.03433600e-09  1.14184050e-01 
 1.03473600e-09  1.14186081e-01 
 1.03553600e-09  1.14190149e-01 
 1.03713600e-09  1.14198305e-01 
 1.03913600e-09  1.14208488e-01 
 1.04113600e-09  1.14218625e-01 
 1.04313600e-09  1.14228739e-01 
 1.04513600e-09  1.14238822e-01 
 1.04713600e-09  1.14248872e-01 
 1.04913600e-09  1.14258891e-01 
 1.05113600e-09  1.14268875e-01 
 1.05313600e-09  1.14278828e-01 
 1.05513600e-09  1.14288748e-01 
 1.05713600e-09  1.14298635e-01 
 1.05913600e-09  1.14308490e-01 
 1.06113600e-09  1.14318313e-01 
 1.06313600e-09  1.14328102e-01 
 1.06513600e-09  1.14337861e-01 
 1.06713600e-09  1.14347586e-01 
 1.06913600e-09  1.14357280e-01 
 1.07113600e-09  1.14366942e-01 
 1.07313600e-09  1.14376572e-01 
 1.07513600e-09  1.14386171e-01 
 1.07713600e-09  1.14395738e-01 
 1.07913600e-09  1.14405273e-01 
 1.08113600e-09  1.14414777e-01 
 1.08313600e-09  1.14424250e-01 
 1.08513600e-09  1.14433692e-01 
 1.08713600e-09  1.14443102e-01 
 1.08913600e-09  1.14452482e-01 
 1.09113600e-09  1.14461831e-01 
 1.09313600e-09  1.14471149e-01 
 1.09513600e-09  1.14480437e-01 
 1.09713600e-09  1.14489694e-01 
 1.09913600e-09  1.14498920e-01 
 1.10113600e-09  1.14508116e-01 
 1.10313600e-09  1.14517282e-01 
 1.10513600e-09  1.14526418e-01 
 1.10713600e-09  1.14535523e-01 
 1.10913600e-09  1.14544599e-01 
 1.11113600e-09  1.14553645e-01 
 1.11313600e-09  1.14562661e-01 
 1.11513600e-09  1.14571647e-01 
 1.11713600e-09  1.14580604e-01 
 1.11913600e-09  1.14589532e-01 
 1.12113600e-09  1.14598430e-01 
 1.12313600e-09  1.14607298e-01 
 1.12513600e-09  1.14616138e-01 
 1.12713600e-09  1.14624949e-01 
 1.12913600e-09  1.14633730e-01 
 1.13113600e-09  1.14642483e-01 
 1.13313600e-09  1.14651207e-01 
 1.13513600e-09  1.14659902e-01 
 1.13713600e-09  1.14668568e-01 
 1.13913600e-09  1.14677206e-01 
 1.14113600e-09  1.14685816e-01 
 1.14313600e-09  1.14694397e-01 
 1.14513600e-09  1.14702950e-01 
 1.14713600e-09  1.14711475e-01 
 1.14913600e-09  1.14719972e-01 
 1.15113600e-09  1.14728441e-01 
 1.15313600e-09  1.14736882e-01 
 1.15513600e-09  1.14745295e-01 
 1.15713600e-09  1.14753681e-01 
 1.15913600e-09  1.14762039e-01 
 1.16113600e-09  1.14770369e-01 
 1.16313600e-09  1.14778672e-01 
 1.16513600e-09  1.14786948e-01 
 1.16713600e-09  1.14795196e-01 
 1.16913600e-09  1.14803418e-01 
 1.17113600e-09  1.14811612e-01 
 1.17313600e-09  1.14819779e-01 
 1.17513600e-09  1.14827920e-01 
 1.17713600e-09  1.14836033e-01 
 1.17913600e-09  1.14844120e-01 
 1.18113600e-09  1.14852181e-01 
 1.18313600e-09  1.14860215e-01 
 1.18513600e-09  1.14868222e-01 
 1.18713600e-09  1.14876203e-01 
 1.18913600e-09  1.14884158e-01 
 1.19113600e-09  1.14892086e-01 
 1.19313600e-09  1.14899989e-01 
 1.19513600e-09  1.14908097e-01 
 1.19713600e-09  1.14920374e-01 
 1.19913600e-09  1.14964830e-01 
 1.20020800e-09  1.15035062e-01 
 1.20128000e-09  1.15196785e-01 
 1.20148000e-09  1.15227038e-01 
 1.20188000e-09  1.15261595e-01 
 1.20268000e-09  1.15171555e-01 
 1.20428000e-09  1.14582271e-01 
 1.20628000e-09  1.13537808e-01 
 1.20814000e-09  1.12546872e-01 
 1.21000000e-09  1.11645123e-01 
 1.21010208e-09  1.11590255e-01 
 1.21030624e-09  1.11466898e-01 
 1.21066352e-09  1.11213287e-01 
 1.21102080e-09  1.10951030e-01 
 1.21108265e-09  1.10907479e-01 
 1.21120634e-09  1.10822601e-01 
 1.21142280e-09  1.10685604e-01 
 1.21163927e-09  1.10562256e-01 
 1.21168256e-09  1.10539225e-01 
 1.21176914e-09  1.10494079e-01 
 1.21194231e-09  1.10409430e-01 
 1.21215904e-09  1.10314543e-01 
 1.21237576e-09  1.10232513e-01 
 1.21241911e-09  1.10217945e-01 
 1.21250580e-09  1.10189900e-01 
 1.21267918e-09  1.10140309e-01 
 1.21302594e-09  1.10064855e-01 
 1.21371946e-09  1.09978086e-01 
 1.21510651e-09  1.09929919e-01 
 1.21710651e-09  1.09975913e-01 
 1.21910651e-09  1.10034974e-01 
 1.22110651e-09  1.10062822e-01 
 1.22243325e-09  1.10073862e-01 
 1.22376000e-09  1.10084874e-01 
 1.22390400e-09  1.10086016e-01 
 1.22419200e-09  1.10088245e-01 
 1.22469600e-09  1.10091890e-01 
 1.22520000e-09  1.10095246e-01 
 1.22530080e-09  1.10095896e-01 
 1.22550240e-09  1.10097201e-01 
 1.22590560e-09  1.10099849e-01 
 1.22671200e-09  1.10105224e-01 
 1.22832480e-09  1.10115600e-01 
 1.23032480e-09  1.10127178e-01 
 1.23232480e-09  1.10138106e-01 
 1.23413600e-09  1.10147835e-01 
 1.23433600e-09  1.10148880e-01 
 1.23473600e-09  1.10150970e-01 
 1.23553600e-09  1.10155163e-01 
 1.23713600e-09  1.10163618e-01 
 1.23913600e-09  1.10174135e-01 
 1.24113600e-09  1.10184459e-01 
 1.24313600e-09  1.10194771e-01 
 1.24513600e-09  1.10205047e-01 
 1.24713600e-09  1.10215284e-01 
 1.24913600e-09  1.10225494e-01 
 1.25113600e-09  1.10235672e-01 
 1.25313600e-09  1.10245824e-01 
 1.25513600e-09  1.10255946e-01 
 1.25713600e-09  1.10266043e-01 
 1.25913600e-09  1.10276111e-01 
 1.26113600e-09  1.10286153e-01 
 1.26313600e-09  1.10296167e-01 
 1.26513600e-09  1.10306156e-01 
 1.26713600e-09  1.10316116e-01 
 1.26913600e-09  1.10326051e-01 
 1.27113600e-09  1.10335957e-01 
 1.27313600e-09  1.10345839e-01 
 1.27513600e-09  1.10355693e-01 
 1.27713600e-09  1.10365522e-01 
 1.27913600e-09  1.10375322e-01 
 1.28113600e-09  1.10385098e-01 
 1.28313600e-09  1.10394846e-01 
 1.28513600e-09  1.10404569e-01 
 1.28713600e-09  1.10414265e-01 
 1.28913600e-09  1.10423936e-01 
 1.29113600e-09  1.10433580e-01 
 1.29313600e-09  1.10443198e-01 
 1.29513600e-09  1.10452790e-01 
 1.29713600e-09  1.10462356e-01 
 1.29913600e-09  1.10471896e-01 
 1.30113600e-09  1.10481411e-01 
 1.30313600e-09  1.10490900e-01 
 1.30513600e-09  1.10500363e-01 
 1.30713600e-09  1.10509800e-01 
 1.30913600e-09  1.10519212e-01 
 1.31113600e-09  1.10528598e-01 
 1.31313600e-09  1.10537959e-01 
 1.31513600e-09  1.10547294e-01 
 1.31713600e-09  1.10556605e-01 
 1.31913600e-09  1.10565889e-01 
 1.32113600e-09  1.10575149e-01 
 1.32313600e-09  1.10584383e-01 
 1.32513600e-09  1.10593592e-01 
 1.32713600e-09  1.10602776e-01 
 1.32913600e-09  1.10611935e-01 
 1.33113600e-09  1.10621069e-01 
 1.33313600e-09  1.10630179e-01 
 1.33513600e-09  1.10639263e-01 
 1.33713600e-09  1.10648322e-01 
 1.33913600e-09  1.10657357e-01 
 1.34113600e-09  1.10666367e-01 
 1.34313600e-09  1.10675352e-01 
 1.34513600e-09  1.10684313e-01 
 1.34713600e-09  1.10693249e-01 
 1.34913600e-09  1.10702161e-01 
 1.35113600e-09  1.10711048e-01 
 1.35313600e-09  1.10719911e-01 
 1.35513600e-09  1.10728749e-01 
 1.35713600e-09  1.10737564e-01 
 1.35913600e-09  1.10746354e-01 
 1.36113600e-09  1.10755120e-01 
 1.36313600e-09  1.10763861e-01 
 1.36513600e-09  1.10772579e-01 
 1.36713600e-09  1.10781273e-01 
 1.36913600e-09  1.10789943e-01 
 1.37113600e-09  1.10798589e-01 
 1.37313600e-09  1.10807211e-01 
 1.37513600e-09  1.10815809e-01 
 1.37713600e-09  1.10824384e-01 
 1.37913600e-09  1.10832935e-01 
 1.38113600e-09  1.10841462e-01 
 1.38313600e-09  1.10849966e-01 
 1.38513600e-09  1.10858446e-01 
 1.38713600e-09  1.10866903e-01 
 1.38913600e-09  1.10875337e-01 
 1.39113600e-09  1.10883747e-01 
 1.39313600e-09  1.10892133e-01 
 1.39513600e-09  1.10900497e-01 
 1.39713600e-09  1.10908837e-01 
 1.39913600e-09  1.10917155e-01 
 1.40020800e-09  1.10921607e-01 
 1.40128000e-09  1.10926061e-01 
 1.40148000e-09  1.10926886e-01 
 1.40188000e-09  1.10928537e-01 
 1.40268000e-09  1.10931840e-01 
 1.40428000e-09  1.10938441e-01 
 1.40628000e-09  1.10946675e-01 
 1.40814000e-09  1.10954313e-01 
 1.41000000e-09  1.10961932e-01 
 1.41010208e-09  1.10953883e-01 
 1.41030624e-09  1.10923417e-01 
 1.41066352e-09  1.10829064e-01 
 1.41102080e-09  1.10722317e-01 
 1.41108265e-09  1.10705286e-01 
 1.41120634e-09  1.10673266e-01 
 1.41142280e-09  1.10628143e-01 
 1.41163927e-09  1.10596973e-01 
 1.41168256e-09  1.10592574e-01 
 1.41176914e-09  1.10584862e-01 
 1.41194231e-09  1.10576194e-01 
 1.41218071e-09  1.10579559e-01 
 1.41241911e-09  1.10599292e-01 
 1.41246679e-09  1.10605225e-01 
 1.41256215e-09  1.10618120e-01 
 1.41275287e-09  1.10649903e-01 
 1.41313430e-09  1.10735208e-01 
 1.41389718e-09  1.10972756e-01 
 1.41542292e-09  1.11605807e-01 
 1.41742292e-09  1.12604038e-01 
 1.41942292e-09  1.13738438e-01 
 1.42142292e-09  1.15024186e-01 
 1.42259146e-09  1.15703949e-01 
 1.42376000e-09  1.16057773e-01 
 1.42390400e-09  1.16073642e-01 
 1.42419200e-09  1.16101149e-01 
 1.42469600e-09  1.16132437e-01 
 1.42520000e-09  1.16150728e-01 
 1.42530080e-09  1.16153409e-01 
 1.42550240e-09  1.16158319e-01 
 1.42590560e-09  1.16165967e-01 
 1.42671200e-09  1.16175688e-01 
 1.42832480e-09  1.16184669e-01 
 1.43032480e-09  1.16189371e-01 
 1.43232480e-09  1.16193062e-01 
 1.43413600e-09  1.16196401e-01 
 1.43433600e-09  1.16196774e-01 
 1.43473600e-09  1.16197519e-01 
 1.43553600e-09  1.16198998e-01 
 1.43713600e-09  1.16201918e-01 
 1.43913600e-09  1.16205540e-01 
 1.44113600e-09  1.16209160e-01 
 1.44313600e-09  1.16212759e-01 
 1.44513600e-09  1.16216344e-01 
 1.44713600e-09  1.16219917e-01 
 1.44913600e-09  1.16223477e-01 
 1.45113600e-09  1.16227025e-01 
 1.45313600e-09  1.16230561e-01 
 1.45513600e-09  1.16234085e-01 
 1.45713600e-09  1.16237597e-01 
 1.45913600e-09  1.16241098e-01 
 1.46113600e-09  1.16244587e-01 
 1.46313600e-09  1.16248065e-01 
 1.46513600e-09  1.16251530e-01 
 1.46713600e-09  1.16254985e-01 
 1.46913600e-09  1.16258427e-01 
 1.47113600e-09  1.16261859e-01 
 1.47313600e-09  1.16265278e-01 
 1.47513600e-09  1.16268687e-01 
 1.47713600e-09  1.16272084e-01 
 1.47913600e-09  1.16275470e-01 
 1.48113600e-09  1.16278844e-01 
 1.48313600e-09  1.16282207e-01 
 1.48513600e-09  1.16285559e-01 
 1.48713600e-09  1.16288900e-01 
 1.48913600e-09  1.16292230e-01 
 1.49113600e-09  1.16295549e-01 
 1.49313600e-09  1.16298856e-01 
 1.49513600e-09  1.16302153e-01 
 1.49713600e-09  1.16305438e-01 
 1.49913600e-09  1.16308713e-01 
 1.50113600e-09  1.16311977e-01 
 1.50313600e-09  1.16315229e-01 
 1.50513600e-09  1.16318471e-01 
 1.50713600e-09  1.16321703e-01 
 1.50913600e-09  1.16324923e-01 
 1.51113600e-09  1.16328133e-01 
 1.51313600e-09  1.16331332e-01 
 1.51513600e-09  1.16334520e-01 
 1.51713600e-09  1.16337698e-01 
 1.51913600e-09  1.16340865e-01 
 1.52113600e-09  1.16344022e-01 
 1.52313600e-09  1.16347168e-01 
 1.52513600e-09  1.16350303e-01 
 1.52713600e-09  1.16353429e-01 
 1.52913600e-09  1.16356543e-01 
 1.53113600e-09  1.16359648e-01 
 1.53313600e-09  1.16362742e-01 
 1.53513600e-09  1.16365826e-01 
 1.53713600e-09  1.16368899e-01 
 1.53913600e-09  1.16371962e-01 
 1.54113600e-09  1.16375015e-01 
 1.54313600e-09  1.16378058e-01 
 1.54513600e-09  1.16381091e-01 
 1.54713600e-09  1.16384114e-01 
 1.54913600e-09  1.16387126e-01 
 1.55113600e-09  1.16390129e-01 
 1.55313600e-09  1.16393121e-01 
 1.55513600e-09  1.16396104e-01 
 1.55713600e-09  1.16399077e-01 
 1.55913600e-09  1.16402039e-01 
 1.56113600e-09  1.16404992e-01 
 1.56313600e-09  1.16407935e-01 
 1.56513600e-09  1.16410869e-01 
 1.56713600e-09  1.16413792e-01 
 1.56913600e-09  1.16416706e-01 
 1.57113600e-09  1.16419610e-01 
 1.57313600e-09  1.16422504e-01 
 1.57513600e-09  1.16425389e-01 
 1.57713600e-09  1.16428264e-01 
 1.57913600e-09  1.16431130e-01 
 1.58113600e-09  1.16433986e-01 
 1.58313600e-09  1.16436833e-01 
 1.58513600e-09  1.16439670e-01 
 1.58713600e-09  1.16442497e-01 
 1.58913600e-09  1.16445315e-01 
 1.59113600e-09  1.16448124e-01 
 1.59313600e-09  1.16450924e-01 
 1.59513600e-09  1.16453498e-01 
 1.59713600e-09  1.16452142e-01 
 1.59913600e-09  1.16420610e-01 
 1.60020800e-09  1.16360304e-01 
 1.60128000e-09  1.16214216e-01 
 1.60148000e-09  1.16186455e-01 
 1.60188000e-09  1.16154592e-01 
 1.60268000e-09  1.16238242e-01 
 1.60428000e-09  1.16795661e-01 
 1.60628000e-09  1.17798139e-01 
 1.60814000e-09  1.18757398e-01 
 1.61000000e-09  1.19633591e-01 
 1.61010208e-09  1.19686443e-01 
 1.61030624e-09  1.19804601e-01 
 1.61066352e-09  1.20046378e-01 
 1.61102080e-09  1.20297098e-01 
 1.61108698e-09  1.20341797e-01 
 1.61121933e-09  1.20428893e-01 
 1.61145094e-09  1.20569426e-01 
 1.61168256e-09  1.20695944e-01 
 1.61172888e-09  1.20719543e-01 
 1.61182153e-09  1.20765747e-01 
 1.61200682e-09  1.20852037e-01 
 1.61221296e-09  1.20938044e-01 
 1.61241911e-09  1.21013020e-01 
 1.61246034e-09  1.21026439e-01 
 1.61254280e-09  1.21052348e-01 
 1.61270771e-09  1.21098687e-01 
 1.61303754e-09  1.21171483e-01 
 1.61369721e-09  1.21260482e-01 
 1.61501654e-09  1.21323046e-01 
 1.61701654e-09  1.21300970e-01 
 1.61901654e-09  1.21252250e-01 
 1.62101654e-09  1.21229385e-01 
 1.62246027e-09  1.21225224e-01 
 1.62390400e-09  1.21221786e-01 
 1.62403360e-09  1.21221462e-01 
 1.62429280e-09  1.21220855e-01 
 1.62474640e-09  1.21219977e-01 
 1.62520000e-09  1.21219310e-01 
 1.62529072e-09  1.21219193e-01 
 1.62547216e-09  1.21218955e-01 
 1.62583504e-09  1.21218453e-01 
 1.62656080e-09  1.21217381e-01 
 1.62801232e-09  1.21215432e-01 
 1.63001232e-09  1.21213836e-01 
 1.63201232e-09  1.21213049e-01 
 1.63317416e-09  1.21212665e-01 
 1.63433600e-09  1.21212391e-01 
 1.63453600e-09  1.21212358e-01 
 1.63493600e-09  1.21212290e-01 
 1.63573600e-09  1.21212134e-01 
 1.63733600e-09  1.21211749e-01 
 1.63933600e-09  1.21211303e-01 
 1.64133600e-09  1.21211003e-01 
 1.64333600e-09  1.21210681e-01 
 1.64533600e-09  1.21210362e-01 
 1.64733600e-09  1.21210048e-01 
 1.64933600e-09  1.21209729e-01 
 1.65133600e-09  1.21209410e-01 
 1.65333600e-09  1.21209083e-01 
 1.65533600e-09  1.21208755e-01 
 1.65733600e-09  1.21208420e-01 
 1.65933600e-09  1.21208082e-01 
 1.66133600e-09  1.21207737e-01 
 1.66333600e-09  1.21207390e-01 
 1.66533600e-09  1.21207035e-01 
 1.66733600e-09  1.21206678e-01 
 1.66933600e-09  1.21206314e-01 
 1.67133600e-09  1.21205948e-01 
 1.67333600e-09  1.21205575e-01 
 1.67533600e-09  1.21205199e-01 
 1.67733600e-09  1.21204816e-01 
 1.67933600e-09  1.21204431e-01 
 1.68133600e-09  1.21204040e-01 
 1.68333600e-09  1.21203646e-01 
 1.68533600e-09  1.21203246e-01 
 1.68733600e-09  1.21202843e-01 
 1.68933600e-09  1.21202435e-01 
 1.69133600e-09  1.21202023e-01 
 1.69333600e-09  1.21201606e-01 
 1.69533600e-09  1.21201186e-01 
 1.69733600e-09  1.21200761e-01 
 1.69933600e-09  1.21200333e-01 
 1.70133600e-09  1.21199900e-01 
 1.70333600e-09  1.21199463e-01 
 1.70533600e-09  1.21199022e-01 
 1.70733600e-09  1.21198578e-01 
 1.70933600e-09  1.21198129e-01 
 1.71133600e-09  1.21197677e-01 
 1.71333600e-09  1.21197221e-01 
 1.71533600e-09  1.21196761e-01 
 1.71733600e-09  1.21196297e-01 
 1.71933600e-09  1.21195830e-01 
 1.72133600e-09  1.21195359e-01 
 1.72333600e-09  1.21194885e-01 
 1.72533600e-09  1.21194406e-01 
 1.72733600e-09  1.21193925e-01 
 1.72933600e-09  1.21193439e-01 
 1.73133600e-09  1.21192951e-01 
 1.73333600e-09  1.21192459e-01 
 1.73533600e-09  1.21191964e-01 
 1.73733600e-09  1.21191465e-01 
 1.73933600e-09  1.21190963e-01 
 1.74133600e-09  1.21190457e-01 
 1.74333600e-09  1.21189949e-01 
 1.74533600e-09  1.21189437e-01 
 1.74733600e-09  1.21188922e-01 
 1.74933600e-09  1.21188404e-01 
 1.75133600e-09  1.21187883e-01 
 1.75333600e-09  1.21187359e-01 
 1.75533600e-09  1.21186832e-01 
 1.75733600e-09  1.21186302e-01 
 1.75933600e-09  1.21185769e-01 
 1.76133600e-09  1.21185233e-01 
 1.76333600e-09  1.21184694e-01 
 1.76533600e-09  1.21184152e-01 
 1.76733600e-09  1.21183608e-01 
 1.76933600e-09  1.21183061e-01 
 1.77133600e-09  1.21182511e-01 
 1.77333600e-09  1.21181958e-01 
 1.77533600e-09  1.21181403e-01 
 1.77733600e-09  1.21180844e-01 
 1.77933600e-09  1.21180284e-01 
 1.78133600e-09  1.21179720e-01 
 1.78333600e-09  1.21179155e-01 
 1.78533600e-09  1.21178586e-01 
 1.78733600e-09  1.21178016e-01 
 1.78933600e-09  1.21177442e-01 
 1.79133600e-09  1.21176867e-01 
 1.79333600e-09  1.21176288e-01 
 1.79533600e-09  1.21175708e-01 
 1.79733600e-09  1.21175125e-01 
 1.79933600e-09  1.21174539e-01 
 1.80128000e-09  1.21173950e-01 
 1.80148000e-09  1.21173894e-01 
 1.80188000e-09  1.21173782e-01 
 1.80268000e-09  1.21173552e-01 
 1.80428000e-09  1.21173083e-01 
 1.80628000e-09  1.21172491e-01 
 1.80814000e-09  1.21171938e-01 
 1.81000000e-09  1.21171382e-01 
 1.81010208e-09  1.21179061e-01 
 1.81030624e-09  1.21207585e-01 
 1.81066352e-09  1.21295657e-01 
 1.81102080e-09  1.21396275e-01 
 1.81108698e-09  1.21413589e-01 
 1.81121933e-09  1.21446116e-01 
 1.81145094e-09  1.21491782e-01 
 1.81168256e-09  1.21522988e-01 
 1.81172888e-09  1.21527300e-01 
 1.81182153e-09  1.21534744e-01 
 1.81200682e-09  1.21542341e-01 
 1.81223358e-09  1.21538148e-01 
 1.81246034e-09  1.21520447e-01 
 1.81250569e-09  1.21515256e-01 
 1.81259639e-09  1.21503998e-01 
 1.81277780e-09  1.21476377e-01 
 1.81314062e-09  1.21402560e-01 
 1.81386625e-09  1.21196421e-01 
 1.81531751e-09  1.20639946e-01 
 1.81731751e-09  1.19701642e-01 
 1.81931751e-09  1.18629639e-01 
 1.82131751e-09  1.17437877e-01 
 1.82261075e-09  1.16722225e-01 
 1.82390400e-09  1.16336724e-01 
 1.82403360e-09  1.16323650e-01 
 1.82429280e-09  1.16300720e-01 
 1.82474640e-09  1.16273633e-01 
 1.82520000e-09  1.16257050e-01 
 1.82529072e-09  1.16254599e-01 
 1.82547216e-09  1.16250119e-01 
 1.82583504e-09  1.16243240e-01 
 1.82656080e-09  1.16235050e-01 
 1.82801232e-09  1.16229838e-01 
 1.83001232e-09  1.16231385e-01 
 1.83201232e-09  1.16234838e-01 
 1.83327416e-09  1.16237045e-01 
 1.83453600e-09  1.16239200e-01 
 1.83473600e-09  1.16239538e-01 
 1.83513600e-09  1.16240215e-01 
 1.83593600e-09  1.16241576e-01 
 1.83753600e-09  1.16244320e-01 
 1.83953600e-09  1.16247749e-01 
 1.84153600e-09  1.16251157e-01 
 1.84353600e-09  1.16254563e-01 
 1.84553600e-09  1.16257959e-01 
 1.84753600e-09  1.16261344e-01 
 1.84953600e-09  1.16264720e-01 
 1.85153600e-09  1.16268084e-01 
 1.85353600e-09  1.16271437e-01 
 1.85553600e-09  1.16274779e-01 
 1.85753600e-09  1.16278111e-01 
 1.85953600e-09  1.16281431e-01 
 1.86153600e-09  1.16284741e-01 
 1.86353600e-09  1.16288040e-01 
 1.86553600e-09  1.16291328e-01 
 1.86753600e-09  1.16294605e-01 
 1.86953600e-09  1.16297872e-01 
 1.87153600e-09  1.16301128e-01 
 1.87353600e-09  1.16304373e-01 
 1.87553600e-09  1.16307608e-01 
 1.87753600e-09  1.16310832e-01 
 1.87953600e-09  1.16314046e-01 
 1.88153600e-09  1.16317249e-01 
 1.88353600e-09  1.16320441e-01 
 1.88553600e-09  1.16323624e-01 
 1.88753600e-09  1.16326795e-01 
 1.88953600e-09  1.16329957e-01 
 1.89153600e-09  1.16333108e-01 
 1.89353600e-09  1.16336248e-01 
 1.89553600e-09  1.16339379e-01 
 1.89753600e-09  1.16342499e-01 
 1.89953600e-09  1.16345609e-01 
 1.90153600e-09  1.16348709e-01 
 1.90353600e-09  1.16351798e-01 
 1.90553600e-09  1.16354878e-01 
 1.90753600e-09  1.16357947e-01 
 1.90953600e-09  1.16361007e-01 
 1.91153600e-09  1.16364056e-01 
 1.91353600e-09  1.16367096e-01 
 1.91553600e-09  1.16370125e-01 
 1.91753600e-09  1.16373145e-01 
 1.91953600e-09  1.16376154e-01 
 1.92153600e-09  1.16379154e-01 
 1.92353600e-09  1.16382144e-01 
 1.92553600e-09  1.16385125e-01 
 1.92753600e-09  1.16388095e-01 
 1.92953600e-09  1.16391056e-01 
 1.93153600e-09  1.16394007e-01 
 1.93353600e-09  1.16396948e-01 
 1.93553600e-09  1.16399880e-01 
 1.93753600e-09  1.16402802e-01 
 1.93953600e-09  1.16405715e-01 
 1.94153600e-09  1.16408618e-01 
 1.94353600e-09  1.16411512e-01 
 1.94553600e-09  1.16414396e-01 
 1.94753600e-09  1.16417270e-01 
 1.94953600e-09  1.16420136e-01 
 1.95153600e-09  1.16422991e-01 
 1.95353600e-09  1.16425838e-01 
 1.95553600e-09  1.16428675e-01 
 1.95753600e-09  1.16431503e-01 
 1.95953600e-09  1.16434322e-01 
 1.96153600e-09  1.16437131e-01 
 1.96353600e-09  1.16439931e-01 
 1.96553600e-09  1.16442723e-01 
 1.96753600e-09  1.16445504e-01 
 1.96953600e-09  1.16448277e-01 
 1.97153600e-09  1.16451041e-01 
 1.97353600e-09  1.16453796e-01 
 1.97553600e-09  1.16456541e-01 
 1.97753600e-09  1.16459278e-01 
 1.97953600e-09  1.16462006e-01 
 1.98153600e-09  1.16464725e-01 
 1.98353600e-09  1.16467434e-01 
 1.98553600e-09  1.16470135e-01 
 1.98753600e-09  1.16472828e-01 
 1.98953600e-09  1.16475511e-01 
 1.99153600e-09  1.16478186e-01 
 1.99353600e-09  1.16480886e-01 
 1.99553600e-09  1.16484258e-01 
 1.99753600e-09  1.16494612e-01 
 1.99876800e-09  1.16516738e-01 
 2.00000000e-09  1.16580072e-01 
