 0.00000000e+00  0.00000000e+00 
 1.00000000e-14  6.66607468e-08 
 2.00000000e-14  1.99976321e-07 
 4.00000000e-14  5.99905286e-07 
 8.00000000e-14  2.19940809e-06 
 1.60000000e-13  8.59557337e-06 
 3.20000000e-13  3.41651928e-05 
 6.40000000e-13  1.36322927e-04 
 1.28000000e-12  5.43989304e-04 
 2.28000000e-12  1.72059765e-03 
 3.28000000e-12  3.55051614e-03 
 4.28000000e-12  6.02796224e-03 
 5.28000000e-12  9.14720226e-03 
 6.28000000e-12  1.29025510e-02 
 7.28000000e-12  1.72883712e-02 
 8.28000000e-12  2.22990734e-02 
 9.14000000e-12  2.71039329e-02 
 1.00000000e-11  3.23633564e-02 
 1.01000000e-11  3.30006769e-02 
 1.03000000e-11  3.42741847e-02 
 1.07000000e-11  3.68144119e-02 
 1.15000000e-11  4.18678277e-02 
 1.25000000e-11  4.81341998e-02 
 1.35000000e-11  5.43450005e-02 
 1.45000000e-11  6.05006993e-02 
 1.55000000e-11  6.66017621e-02 
 1.65000000e-11  7.26486505e-02 
 1.75000000e-11  7.86418224e-02 
 1.85000000e-11  8.45817318e-02 
 1.95000000e-11  9.04688290e-02 
 2.05000000e-11  9.63035602e-02 
 2.15000000e-11  1.02086368e-01 
 2.25000000e-11  1.07817692e-01 
 2.35000000e-11  1.13497967e-01 
 2.45000000e-11  1.19127624e-01 
 2.55000000e-11  1.24707091e-01 
 2.65000000e-11  1.30236793e-01 
 2.75000000e-11  1.35717151e-01 
 2.85000000e-11  1.41148581e-01 
 2.95000000e-11  1.46531498e-01 
 3.05000000e-11  1.51866311e-01 
 3.15000000e-11  1.57153428e-01 
 3.25000000e-11  1.62393251e-01 
 3.35000000e-11  1.67586180e-01 
 3.45000000e-11  1.72732613e-01 
 3.55000000e-11  1.77832943e-01 
 3.65000000e-11  1.82887558e-01 
 3.75000000e-11  1.87896847e-01 
 3.85000000e-11  1.92861191e-01 
 3.95000000e-11  1.97780973e-01 
 4.05000000e-11  2.02656567e-01 
 4.15000000e-11  2.07488349e-01 
 4.25000000e-11  2.12276689e-01 
 4.35000000e-11  2.17021954e-01 
 4.45000000e-11  2.21724508e-01 
 4.55000000e-11  2.26384714e-01 
 4.65000000e-11  2.31002929e-01 
 4.75000000e-11  2.35579509e-01 
 4.85000000e-11  2.40114806e-01 
 4.95000000e-11  2.44609169e-01 
 5.05000000e-11  2.49062945e-01 
 5.15000000e-11  2.53476476e-01 
 5.25000000e-11  2.57850105e-01 
 5.35000000e-11  2.62184168e-01 
 5.45000000e-11  2.66479000e-01 
 5.55000000e-11  2.70734934e-01 
 5.65000000e-11  2.74952298e-01 
 5.75000000e-11  2.79131419e-01 
 5.85000000e-11  2.83272621e-01 
 5.95000000e-11  2.87376225e-01 
 6.05000000e-11  2.91442549e-01 
 6.15000000e-11  2.95471908e-01 
 6.25000000e-11  2.99464616e-01 
 6.35000000e-11  3.03420984e-01 
 6.45000000e-11  3.07341317e-01 
 6.55000000e-11  3.11225923e-01 
 6.65000000e-11  3.15075103e-01 
 6.75000000e-11  3.18889158e-01 
 6.85000000e-11  3.22668384e-01 
 6.95000000e-11  3.26413077e-01 
 7.05000000e-11  3.30123530e-01 
 7.15000000e-11  3.33800032e-01 
 7.25000000e-11  3.37442870e-01 
 7.35000000e-11  3.41052331e-01 
 7.45000000e-11  3.44628697e-01 
 7.55000000e-11  3.48172248e-01 
 7.65000000e-11  3.51683262e-01 
 7.75000000e-11  3.55162015e-01 
 7.85000000e-11  3.58608780e-01 
 7.95000000e-11  3.62023829e-01 
 8.05000000e-11  3.65407429e-01 
 8.15000000e-11  3.68759849e-01 
 8.25000000e-11  3.72081351e-01 
 8.35000000e-11  3.75372198e-01 
 8.45000000e-11  3.78632650e-01 
 8.55000000e-11  3.81862964e-01 
 8.65000000e-11  3.85063396e-01 
 8.75000000e-11  3.88234199e-01 
 8.85000000e-11  3.91375625e-01 
 8.95000000e-11  3.94487922e-01 
 9.05000000e-11  3.97571337e-01 
 9.15000000e-11  4.00626116e-01 
 9.25000000e-11  4.03652501e-01 
 9.35000000e-11  4.06650732e-01 
 9.45000000e-11  4.09621050e-01 
 9.55000000e-11  4.12563690e-01 
 9.65000000e-11  4.15478887e-01 
 9.75000000e-11  4.18366874e-01 
 9.85000000e-11  4.21227881e-01 
 9.95000000e-11  4.24062139e-01 
 1.00500000e-10  4.26869873e-01 
 1.01500000e-10  4.29651308e-01 
 1.02500000e-10  4.32406669e-01 
 1.03500000e-10  4.35136175e-01 
 1.04500000e-10  4.37840047e-01 
 1.05500000e-10  4.40518501e-01 
 1.06500000e-10  4.43171755e-01 
 1.07500000e-10  4.45800021e-01 
 1.08500000e-10  4.48403512e-01 
 1.09500000e-10  4.50982437e-01 
 1.10500000e-10  4.53537006e-01 
 1.11500000e-10  4.56067426e-01 
 1.12500000e-10  4.58573901e-01 
 1.13500000e-10  4.61056634e-01 
 1.14500000e-10  4.63515828e-01 
 1.15500000e-10  4.65951682e-01 
 1.16500000e-10  4.68364395e-01 
 1.17500000e-10  4.70754162e-01 
 1.18500000e-10  4.73121179e-01 
 1.19500000e-10  4.75465639e-01 
 1.20500000e-10  4.77787734e-01 
 1.21500000e-10  4.80087654e-01 
 1.22500000e-10  4.82365587e-01 
 1.23500000e-10  4.84621720e-01 
 1.24500000e-10  4.86856238e-01 
 1.25500000e-10  4.89069325e-01 
 1.26500000e-10  4.91261163e-01 
 1.27500000e-10  4.93431932e-01 
 1.28500000e-10  4.95581813e-01 
 1.29500000e-10  4.97710981e-01 
 1.30500000e-10  4.99819615e-01 
 1.31500000e-10  5.01907887e-01 
 1.32500000e-10  5.03975971e-01 
 1.33500000e-10  5.06024039e-01 
 1.34500000e-10  5.08052261e-01 
 1.35500000e-10  5.10060806e-01 
 1.36500000e-10  5.12049842e-01 
 1.37500000e-10  5.14019533e-01 
 1.38500000e-10  5.15970045e-01 
 1.39500000e-10  5.17901541e-01 
 1.40500000e-10  5.19814182e-01 
 1.41500000e-10  5.21708130e-01 
 1.42500000e-10  5.23583543e-01 
 1.43500000e-10  5.25440579e-01 
 1.44500000e-10  5.27279394e-01 
 1.45500000e-10  5.29100144e-01 
 1.46500000e-10  5.30902982e-01 
 1.47500000e-10  5.32688061e-01 
 1.48500000e-10  5.34455532e-01 
 1.49500000e-10  5.36205545e-01 
 1.50500000e-10  5.37938248e-01 
 1.51500000e-10  5.39653789e-01 
 1.52500000e-10  5.41352315e-01 
 1.53500000e-10  5.43033969e-01 
 1.54500000e-10  5.44698897e-01 
 1.55500000e-10  5.46347240e-01 
 1.56500000e-10  5.47979139e-01 
 1.57500000e-10  5.49594736e-01 
 1.58500000e-10  5.51194168e-01 
 1.59500000e-10  5.52777574e-01 
 1.60500000e-10  5.54345090e-01 
 1.61500000e-10  5.55896851e-01 
 1.62500000e-10  5.57432992e-01 
 1.63500000e-10  5.58953647e-01 
 1.64500000e-10  5.60458947e-01 
 1.65500000e-10  5.61949023e-01 
 1.66500000e-10  5.63424005e-01 
 1.67500000e-10  5.64884021e-01 
 1.68500000e-10  5.66329201e-01 
 1.69500000e-10  5.67759669e-01 
 1.70500000e-10  5.69175551e-01 
 1.71500000e-10  5.70576973e-01 
 1.72500000e-10  5.71964057e-01 
 1.73500000e-10  5.73336926e-01 
 1.74500000e-10  5.74695702e-01 
 1.75500000e-10  5.76040503e-01 
 1.76500000e-10  5.77371451e-01 
 1.77500000e-10  5.78688663e-01 
 1.78500000e-10  5.79992256e-01 
 1.79500000e-10  5.81282347e-01 
 1.80500000e-10  5.82559051e-01 
 1.81500000e-10  5.83822483e-01 
 1.82500000e-10  5.85072755e-01 
 1.83500000e-10  5.86309981e-01 
 1.84500000e-10  5.87534272e-01 
 1.85500000e-10  5.88745738e-01 
 1.86500000e-10  5.89944489e-01 
 1.87500000e-10  5.91130634e-01 
 1.88500000e-10  5.92304281e-01 
 1.89500000e-10  5.93465536e-01 
 1.90500000e-10  5.94614506e-01 
 1.91500000e-10  5.95751295e-01 
 1.92500000e-10  5.96876008e-01 
 1.93500000e-10  5.97988747e-01 
 1.94500000e-10  5.99089617e-01 
 1.95500000e-10  6.00178717e-01 
 1.96500000e-10  6.01256150e-01 
 1.97500000e-10  6.02322014e-01 
 1.98500000e-10  6.03376409e-01 
 1.99500000e-10  6.04419433e-01 
 2.00500000e-10  6.05451183e-01 
 2.01500000e-10  6.06471756e-01 
 2.02500000e-10  6.07481248e-01 
 2.03500000e-10  6.08479754e-01 
 2.04500000e-10  6.09467367e-01 
 2.05500000e-10  6.10444181e-01 
 2.06500000e-10  6.11410290e-01 
 2.07500000e-10  6.12365783e-01 
 2.08500000e-10  6.13310753e-01 
 2.09250000e-10  6.14012627e-01 
 2.10000000e-10  6.14708669e-01 
 2.10100000e-10  6.14794324e-01 
 2.10300000e-10  6.14952118e-01 
 2.10700000e-10  6.15186757e-01 
 2.11500000e-10  6.15333676e-01 
 2.12500000e-10  6.14916640e-01 
 2.13500000e-10  6.13837491e-01 
 2.14500000e-10  6.12102086e-01 
 2.15500000e-10  6.09716234e-01 
 2.16500000e-10  6.06685695e-01 
 2.17500000e-10  6.03016179e-01 
 2.18500000e-10  5.98713351e-01 
 2.19250000e-10  5.95073845e-01 
 2.20000000e-10  5.91083613e-01 
 2.20100000e-10  5.90528751e-01 
 2.20300000e-10  5.89419972e-01 
 2.20700000e-10  5.87208072e-01 
 2.21500000e-10  5.82806811e-01 
 2.22500000e-10  5.77347246e-01 
 2.23500000e-10  5.71934004e-01 
 2.24500000e-10  5.66566697e-01 
 2.25500000e-10  5.61244936e-01 
 2.26500000e-10  5.55968340e-01 
 2.27500000e-10  5.50736527e-01 
 2.28500000e-10  5.45549119e-01 
 2.29500000e-10  5.40405744e-01 
 2.30500000e-10  5.35306030e-01 
 2.31500000e-10  5.30249609e-01 
 2.32500000e-10  5.25236118e-01 
 2.33500000e-10  5.20265193e-01 
 2.34500000e-10  5.15336478e-01 
 2.35500000e-10  5.10449615e-01 
 2.36500000e-10  5.05604253e-01 
 2.37500000e-10  5.00800042e-01 
 2.38500000e-10  4.96036636e-01 
 2.39500000e-10  4.91313691e-01 
 2.40500000e-10  4.86630866e-01 
 2.41500000e-10  4.81987822e-01 
 2.42500000e-10  4.77384226e-01 
 2.43500000e-10  4.72819745e-01 
 2.44500000e-10  4.68294049e-01 
 2.45500000e-10  4.63806811e-01 
 2.46500000e-10  4.59357708e-01 
 2.47500000e-10  4.54946419e-01 
 2.48500000e-10  4.50572624e-01 
 2.49500000e-10  4.46236009e-01 
 2.50500000e-10  4.41936259e-01 
 2.51500000e-10  4.37673065e-01 
 2.52500000e-10  4.33446118e-01 
 2.53500000e-10  4.29255114e-01 
 2.54500000e-10  4.25099748e-01 
 2.55500000e-10  4.20979722e-01 
 2.56500000e-10  4.16894738e-01 
 2.57500000e-10  4.12844499e-01 
 2.58500000e-10  4.08828714e-01 
 2.59500000e-10  4.04847093e-01 
 2.60500000e-10  4.00899347e-01 
 2.61500000e-10  3.96985191e-01 
 2.62500000e-10  3.93104342e-01 
 2.63500000e-10  3.89256520e-01 
 2.64500000e-10  3.85441447e-01 
 2.65500000e-10  3.81658846e-01 
 2.66500000e-10  3.77908444e-01 
 2.67500000e-10  3.74189970e-01 
 2.68500000e-10  3.70503154e-01 
 2.69500000e-10  3.66847730e-01 
 2.70500000e-10  3.63223434e-01 
 2.71500000e-10  3.59630004e-01 
 2.72500000e-10  3.56067178e-01 
 2.73500000e-10  3.52534700e-01 
 2.74500000e-10  3.49032314e-01 
 2.75500000e-10  3.45559766e-01 
 2.76500000e-10  3.42116806e-01 
 2.77500000e-10  3.38703182e-01 
 2.78500000e-10  3.35318649e-01 
 2.79500000e-10  3.31962962e-01 
 2.80500000e-10  3.28635877e-01 
 2.81500000e-10  3.25337153e-01 
 2.82500000e-10  3.22066551e-01 
 2.83500000e-10  3.18823835e-01 
 2.84500000e-10  3.15608770e-01 
 2.85500000e-10  3.12421122e-01 
 2.86500000e-10  3.09260660e-01 
 2.87500000e-10  3.06127157e-01 
 2.88500000e-10  3.03020383e-01 
 2.89500000e-10  2.99940114e-01 
 2.90500000e-10  2.96886128e-01 
 2.91500000e-10  2.93858201e-01 
 2.92500000e-10  2.90856116e-01 
 2.93500000e-10  2.87879653e-01 
 2.94500000e-10  2.84928598e-01 
 2.95500000e-10  2.82002735e-01 
 2.96500000e-10  2.79101854e-01 
 2.97500000e-10  2.76225742e-01 
 2.98500000e-10  2.73374192e-01 
 2.99500000e-10  2.70546997e-01 
 3.00500000e-10  2.67743951e-01 
 3.01500000e-10  2.64964851e-01 
 3.02500000e-10  2.62209495e-01 
 3.03500000e-10  2.59477682e-01 
 3.04500000e-10  2.56769216e-01 
 3.05500000e-10  2.54083898e-01 
 3.06500000e-10  2.51421534e-01 
 3.07500000e-10  2.48781930e-01 
 3.08500000e-10  2.46164895e-01 
 3.09500000e-10  2.43570238e-01 
 3.10500000e-10  2.40997771e-01 
 3.11500000e-10  2.38447307e-01 
 3.12500000e-10  2.35918660e-01 
 3.13500000e-10  2.33411646e-01 
 3.14500000e-10  2.30926083e-01 
 3.15500000e-10  2.28461791e-01 
 3.16500000e-10  2.26018590e-01 
 3.17500000e-10  2.23596302e-01 
 3.18500000e-10  2.21194751e-01 
 3.19500000e-10  2.18813763e-01 
 3.20500000e-10  2.16453163e-01 
 3.21500000e-10  2.14112781e-01 
 3.22500000e-10  2.11792445e-01 
 3.23500000e-10  2.09491987e-01 
 3.24500000e-10  2.07211240e-01 
 3.25500000e-10  2.04950036e-01 
 3.26500000e-10  2.02708212e-01 
 3.27500000e-10  2.00485604e-01 
 3.28500000e-10  1.98282050e-01 
 3.29500000e-10  1.96097389e-01 
 3.30500000e-10  1.93931463e-01 
 3.31500000e-10  1.91784113e-01 
 3.32500000e-10  1.89655182e-01 
 3.33500000e-10  1.87544516e-01 
 3.34500000e-10  1.85451960e-01 
 3.35500000e-10  1.83377363e-01 
 3.36500000e-10  1.81320571e-01 
 3.37500000e-10  1.79281436e-01 
 3.38500000e-10  1.77259809e-01 
 3.39500000e-10  1.75255541e-01 
 3.40500000e-10  1.73268487e-01 
 3.41500000e-10  1.71298501e-01 
 3.42500000e-10  1.69345440e-01 
 3.43500000e-10  1.67409160e-01 
 3.44500000e-10  1.65489521e-01 
 3.45500000e-10  1.63586382e-01 
 3.46500000e-10  1.61699604e-01 
 3.47500000e-10  1.59829049e-01 
 3.48500000e-10  1.57974581e-01 
 3.49500000e-10  1.56136063e-01 
 3.50500000e-10  1.54313361e-01 
 3.51500000e-10  1.52506342e-01 
 3.52500000e-10  1.50714873e-01 
 3.53500000e-10  1.48938824e-01 
 3.54500000e-10  1.47178065e-01 
 3.55500000e-10  1.45432465e-01 
 3.56500000e-10  1.43701899e-01 
 3.57500000e-10  1.41986239e-01 
 3.58500000e-10  1.40285358e-01 
 3.59500000e-10  1.38599134e-01 
 3.60500000e-10  1.36927441e-01 
 3.61500000e-10  1.35270158e-01 
 3.62500000e-10  1.33627163e-01 
 3.63500000e-10  1.31998336e-01 
 3.64500000e-10  1.30383556e-01 
 3.65500000e-10  1.28782706e-01 
 3.66500000e-10  1.27195668e-01 
 3.67500000e-10  1.25622326e-01 
 3.68500000e-10  1.24062564e-01 
 3.69500000e-10  1.22516267e-01 
 3.70500000e-10  1.20983323e-01 
 3.71500000e-10  1.19463618e-01 
 3.72500000e-10  1.17957040e-01 
 3.73500000e-10  1.16463480e-01 
 3.74500000e-10  1.14982827e-01 
 3.75500000e-10  1.13514972e-01 
 3.76500000e-10  1.12059808e-01 
 3.77500000e-10  1.10617227e-01 
 3.78500000e-10  1.09187123e-01 
 3.79500000e-10  1.07769391e-01 
 3.80500000e-10  1.06363927e-01 
 3.81500000e-10  1.04970627e-01 
 3.82500000e-10  1.03589389e-01 
 3.83500000e-10  1.02220111e-01 
 3.84500000e-10  1.00862691e-01 
 3.85500000e-10  9.95170307e-02 
 3.86500000e-10  9.81830298e-02 
 3.87500000e-10  9.68605902e-02 
 3.88500000e-10  9.55496144e-02 
 3.89500000e-10  9.42500057e-02 
 3.90500000e-10  9.29616682e-02 
 3.91500000e-10  9.16845069e-02 
 3.92500000e-10  9.04184273e-02 
 3.93500000e-10  8.91633360e-02 
 3.94500000e-10  8.79191404e-02 
 3.95500000e-10  8.66857484e-02 
 3.96500000e-10  8.54630690e-02 
 3.97500000e-10  8.42510116e-02 
 3.98500000e-10  8.30494868e-02 
 3.99500000e-10  8.18584056e-02 
 4.00500000e-10  8.06776800e-02 
 4.01500000e-10  7.95072224e-02 
 4.02500000e-10  7.83469464e-02 
 4.03500000e-10  7.71967659e-02 
 4.04500000e-10  7.60565958e-02 
 4.05500000e-10  7.49263515e-02 
 4.06500000e-10  7.38059494e-02 
 4.07500000e-10  7.26953064e-02 
 4.08500000e-10  7.15943401e-02 
 4.09500000e-10  7.05029688e-02 
 4.10500000e-10  6.94211116e-02 
 4.11500000e-10  6.83486881e-02 
 4.12500000e-10  6.72856188e-02 
 4.13500000e-10  6.62318247e-02 
 4.14500000e-10  6.51872274e-02 
 4.15500000e-10  6.41517495e-02 
 4.16500000e-10  6.31253138e-02 
 4.17500000e-10  6.21078441e-02 
 4.18500000e-10  6.10992647e-02 
 4.19500000e-10  6.00995005e-02 
 4.20500000e-10  5.91084771e-02 
 4.21500000e-10  5.81261208e-02 
 4.22500000e-10  5.71523584e-02 
 4.23500000e-10  5.61871172e-02 
 4.24500000e-10  5.52303254e-02 
 4.25500000e-10  5.42819117e-02 
 4.26500000e-10  5.33418053e-02 
 4.27500000e-10  5.24099360e-02 
 4.28500000e-10  5.14862344e-02 
 4.29500000e-10  5.05706314e-02 
 4.30500000e-10  4.96630587e-02 
 4.31500000e-10  4.87634484e-02 
 4.32500000e-10  4.78717334e-02 
 4.33500000e-10  4.69878469e-02 
 4.34500000e-10  4.61117229e-02 
 4.35500000e-10  4.52432958e-02 
 4.36500000e-10  4.43825005e-02 
 4.37500000e-10  4.35292728e-02 
 4.38500000e-10  4.26835485e-02 
 4.39500000e-10  4.18452645e-02 
 4.40500000e-10  4.10143577e-02 
 4.41500000e-10  4.01907660e-02 
 4.42500000e-10  3.93744275e-02 
 4.43500000e-10  3.85652809e-02 
 4.44500000e-10  3.77632656e-02 
 4.45500000e-10  3.69683212e-02 
 4.46500000e-10  3.61803881e-02 
 4.47500000e-10  3.53994071e-02 
 4.48500000e-10  3.46253193e-02 
 4.49500000e-10  3.38580665e-02 
 4.50500000e-10  3.30975911e-02 
 4.51500000e-10  3.23438358e-02 
 4.52500000e-10  3.15967437e-02 
 4.53500000e-10  3.08562586e-02 
 4.54500000e-10  3.01223247e-02 
 4.55500000e-10  2.93948865e-02 
 4.56500000e-10  2.86738893e-02 
 4.57500000e-10  2.79592786e-02 
 4.58500000e-10  2.72510004e-02 
 4.59500000e-10  2.65490012e-02 
 4.60500000e-10  2.58532279e-02 
 4.61500000e-10  2.51636280e-02 
 4.62500000e-10  2.44801493e-02 
 4.63500000e-10  2.38027400e-02 
 4.64500000e-10  2.31313488e-02 
 4.65500000e-10  2.24659248e-02 
 4.66500000e-10  2.18064177e-02 
 4.67500000e-10  2.11527774e-02 
 4.68500000e-10  2.05049543e-02 
 4.69500000e-10  1.98628993e-02 
 4.70500000e-10  1.92265636e-02 
 4.71500000e-10  1.85958987e-02 
 4.72500000e-10  1.79708569e-02 
 4.73500000e-10  1.73513906e-02 
 4.74500000e-10  1.67374525e-02 
 4.75500000e-10  1.61289960e-02 
 4.76500000e-10  1.55259748e-02 
 4.77500000e-10  1.49283428e-02 
 4.78500000e-10  1.43360545e-02 
 4.79500000e-10  1.37490647e-02 
 4.80500000e-10  1.31673286e-02 
 4.81500000e-10  1.25908018e-02 
 4.82500000e-10  1.20194402e-02 
 4.83500000e-10  1.14532001e-02 
 4.84500000e-10  1.08920383e-02 
 4.85500000e-10  1.03359117e-02 
 4.86500000e-10  9.78477776e-03 
 4.87500000e-10  9.23859428e-03 
 4.88500000e-10  8.69731936e-03 
 4.89500000e-10  8.16091148e-03 
 4.90500000e-10  7.62932947e-03 
 4.91500000e-10  7.10253250e-03 
 4.92500000e-10  6.58048008e-03 
 4.93500000e-10  6.06313208e-03 
 4.94500000e-10  5.55044868e-03 
 4.95500000e-10  5.04239043e-03 
 4.96500000e-10  4.53891817e-03 
 4.97500000e-10  4.03999311e-03 
 4.98500000e-10  3.54557676e-03 
 4.99500000e-10  3.05563097e-03 
 5.00500000e-10  2.57011790e-03 
 5.01500000e-10  2.08900004e-03 
 5.02500000e-10  1.61224018e-03 
 5.03500000e-10  1.13980143e-03 
 5.04500000e-10  6.71647225e-04 
 5.05500000e-10  2.07741289e-04 
 5.06500000e-10 -2.51952342e-04 
 5.07500000e-10 -7.07469326e-04 
 5.08500000e-10 -1.15884503e-03 
 5.09500000e-10 -1.60611450e-03 
 5.10500000e-10 -2.04931253e-03 
 5.11500000e-10 -2.48847357e-03 
 5.12500000e-10 -2.92363182e-03 
 5.13500000e-10 -3.35482117e-03 
 5.14500000e-10 -3.78207523e-03 
 5.15500000e-10 -4.20542733e-03 
 5.16500000e-10 -4.62491052e-03 
 5.17500000e-10 -5.04055756e-03 
 5.18500000e-10 -5.45240096e-03 
 5.19500000e-10 -5.86047292e-03 
 5.20500000e-10 -6.26480541e-03 
 5.21500000e-10 -6.66543009e-03 
 5.22500000e-10 -7.06237838e-03 
 5.23500000e-10 -7.45568142e-03 
 5.24500000e-10 -7.84537011e-03 
 5.25500000e-10 -8.23147507e-03 
 5.26500000e-10 -8.61402666e-03 
 5.27500000e-10 -8.99305501e-03 
 5.28500000e-10 -9.36858995e-03 
 5.29500000e-10 -9.74066111e-03 
 5.30500000e-10 -1.01092978e-02 
 5.31500000e-10 -1.04745293e-02 
 5.32500000e-10 -1.08363842e-02 
 5.33500000e-10 -1.11948913e-02 
 5.34500000e-10 -1.15500790e-02 
 5.35500000e-10 -1.19019754e-02 
 5.36500000e-10 -1.22506083e-02 
 5.37500000e-10 -1.25960056e-02 
 5.38500000e-10 -1.29381945e-02 
 5.39500000e-10 -1.32772023e-02 
 5.40500000e-10 -1.36130560e-02 
 5.41500000e-10 -1.39457824e-02 
 5.42500000e-10 -1.42754079e-02 
 5.43500000e-10 -1.46019589e-02 
 5.44500000e-10 -1.49254614e-02 
 5.45500000e-10 -1.52459413e-02 
 5.46500000e-10 -1.55634243e-02 
 5.47500000e-10 -1.58779357e-02 
 5.48500000e-10 -1.61895008e-02 
 5.49500000e-10 -1.64981446e-02 
 5.50500000e-10 -1.68038918e-02 
 5.51500000e-10 -1.71067671e-02 
 5.52500000e-10 -1.74067948e-02 
 5.53500000e-10 -1.77039991e-02 
 5.54500000e-10 -1.79984040e-02 
 5.55500000e-10 -1.82900331e-02 
 5.56500000e-10 -1.85789102e-02 
 5.57500000e-10 -1.88650585e-02 
 5.58500000e-10 -1.91485012e-02 
 5.59500000e-10 -1.94292612e-02 
 5.60500000e-10 -1.97073615e-02 
 5.61500000e-10 -1.99828244e-02 
 5.62500000e-10 -2.02556726e-02 
 5.63500000e-10 -2.05259280e-02 
 5.64500000e-10 -2.07936129e-02 
 5.65500000e-10 -2.10587489e-02 
 5.66500000e-10 -2.13213578e-02 
 5.67500000e-10 -2.15814611e-02 
 5.68500000e-10 -2.18390799e-02 
 5.69500000e-10 -2.20942355e-02 
 5.70500000e-10 -2.23469487e-02 
 5.71500000e-10 -2.25972403e-02 
 5.72500000e-10 -2.28451309e-02 
 5.73500000e-10 -2.30906409e-02 
 5.74500000e-10 -2.33337906e-02 
 5.75500000e-10 -2.35745999e-02 
 5.76500000e-10 -2.38130888e-02 
 5.77500000e-10 -2.40492771e-02 
 5.78500000e-10 -2.42831842e-02 
 5.79500000e-10 -2.45148296e-02 
 5.80500000e-10 -2.47442325e-02 
 5.81500000e-10 -2.49714119e-02 
 5.82500000e-10 -2.51963869e-02 
 5.83500000e-10 -2.54191761e-02 
 5.84500000e-10 -2.56397981e-02 
 5.85500000e-10 -2.58582714e-02 
 5.86500000e-10 -2.60746143e-02 
 5.87500000e-10 -2.62888448e-02 
 5.88500000e-10 -2.65009810e-02 
 5.89500000e-10 -2.67110407e-02 
 5.90500000e-10 -2.69190415e-02 
 5.91500000e-10 -2.71250010e-02 
 5.92500000e-10 -2.73289366e-02 
 5.93500000e-10 -2.75308654e-02 
 5.94500000e-10 -2.77308046e-02 
 5.95500000e-10 -2.79287711e-02 
 5.96500000e-10 -2.81247817e-02 
 5.97500000e-10 -2.83188531e-02 
 5.98500000e-10 -2.85110017e-02 
 5.99500000e-10 -2.87012440e-02 
 6.00500000e-10 -2.88895963e-02 
 6.01500000e-10 -2.90760745e-02 
 6.02500000e-10 -2.92606946e-02 
 6.03500000e-10 -2.94434726e-02 
 6.04500000e-10 -2.96244241e-02 
 6.05500000e-10 -2.98035646e-02 
 6.06500000e-10 -2.99809096e-02 
 6.07500000e-10 -3.01564745e-02 
 6.08500000e-10 -3.03302743e-02 
 6.09500000e-10 -3.05023241e-02 
 6.10500000e-10 -3.06726389e-02 
 6.11500000e-10 -3.08412335e-02 
 6.12500000e-10 -3.10081224e-02 
 6.13500000e-10 -3.11733204e-02 
 6.14500000e-10 -3.13368417e-02 
 6.15500000e-10 -3.14987007e-02 
 6.16500000e-10 -3.16589116e-02 
 6.17500000e-10 -3.18174885e-02 
 6.18500000e-10 -3.19744452e-02 
 6.19500000e-10 -3.21297957e-02 
 6.20500000e-10 -3.22835536e-02 
 6.21500000e-10 -3.24357325e-02 
 6.22500000e-10 -3.25863459e-02 
 6.23500000e-10 -3.27354072e-02 
 6.24500000e-10 -3.28829296e-02 
 6.25500000e-10 -3.30289263e-02 
 6.26500000e-10 -3.31734103e-02 
 6.27500000e-10 -3.33163946e-02 
 6.28500000e-10 -3.34578918e-02 
 6.29500000e-10 -3.35979148e-02 
 6.30500000e-10 -3.37364762e-02 
 6.31500000e-10 -3.38735884e-02 
 6.32500000e-10 -3.40092638e-02 
 6.33500000e-10 -3.41435148e-02 
 6.34500000e-10 -3.42763534e-02 
 6.35500000e-10 -3.44077917e-02 
 6.36500000e-10 -3.45378419e-02 
 6.37500000e-10 -3.46665156e-02 
 6.38500000e-10 -3.47938247e-02 
 6.39500000e-10 -3.49197809e-02 
 6.40500000e-10 -3.50443957e-02 
 6.41500000e-10 -3.51676807e-02 
 6.42500000e-10 -3.52896471e-02 
 6.43500000e-10 -3.54103063e-02 
 6.44500000e-10 -3.55296695e-02 
 6.45500000e-10 -3.56477478e-02 
 6.46500000e-10 -3.57645522e-02 
 6.47500000e-10 -3.58800935e-02 
 6.48500000e-10 -3.59943826e-02 
 6.49500000e-10 -3.61074303e-02 
 6.50500000e-10 -3.62192472e-02 
 6.51500000e-10 -3.63298437e-02 
 6.52500000e-10 -3.64392304e-02 
 6.53500000e-10 -3.65474177e-02 
 6.54500000e-10 -3.66544158e-02 
 6.55500000e-10 -3.67602350e-02 
 6.56500000e-10 -3.68648852e-02 
 6.57500000e-10 -3.69683767e-02 
 6.58500000e-10 -3.70707192e-02 
 6.59500000e-10 -3.71719227e-02 
 6.60500000e-10 -3.72719969e-02 
 6.61500000e-10 -3.73709515e-02 
 6.62500000e-10 -3.74687962e-02 
 6.63500000e-10 -3.75655404e-02 
 6.64500000e-10 -3.76611936e-02 
 6.65500000e-10 -3.77557652e-02 
 6.66500000e-10 -3.78492645e-02 
 6.67500000e-10 -3.79417006e-02 
 6.68500000e-10 -3.80330828e-02 
 6.69500000e-10 -3.81234200e-02 
 6.70500000e-10 -3.82127213e-02 
 6.71500000e-10 -3.83009955e-02 
 6.72500000e-10 -3.83882515e-02 
 6.73500000e-10 -3.84744980e-02 
 6.74500000e-10 -3.85597438e-02 
 6.75500000e-10 -3.86439973e-02 
 6.76500000e-10 -3.87272673e-02 
 6.77500000e-10 -3.88095620e-02 
 6.78500000e-10 -3.88908900e-02 
 6.79500000e-10 -3.89712595e-02 
 6.80500000e-10 -3.90506788e-02 
 6.81500000e-10 -3.91291561e-02 
 6.82500000e-10 -3.92066994e-02 
 6.83500000e-10 -3.92833169e-02 
 6.84500000e-10 -3.93590165e-02 
 6.85500000e-10 -3.94338061e-02 
 6.86500000e-10 -3.95076935e-02 
 6.87500000e-10 -3.95806866e-02 
 6.88500000e-10 -3.96527930e-02 
 6.89500000e-10 -3.97240204e-02 
 6.90500000e-10 -3.97943764e-02 
 6.91500000e-10 -3.98638684e-02 
 6.92500000e-10 -3.99325040e-02 
 6.93500000e-10 -4.00002905e-02 
 6.94500000e-10 -4.00672353e-02 
 6.95500000e-10 -4.01333456e-02 
 6.96500000e-10 -4.01986286e-02 
 6.97500000e-10 -4.02630915e-02 
 6.98500000e-10 -4.03267414e-02 
 6.99500000e-10 -4.03895853e-02 
 7.00500000e-10 -4.04516301e-02 
 7.01500000e-10 -4.05128828e-02 
 7.02500000e-10 -4.05733501e-02 
 7.03500000e-10 -4.06330390e-02 
 7.04500000e-10 -4.06919561e-02 
 7.05500000e-10 -4.07501081e-02 
 7.06500000e-10 -4.08075016e-02 
 7.07500000e-10 -4.08641433e-02 
 7.08500000e-10 -4.09200395e-02 
 7.09500000e-10 -4.09751968e-02 
 7.10500000e-10 -4.10296215e-02 
 7.11500000e-10 -4.10833201e-02 
 7.12500000e-10 -4.11362987e-02 
 7.13500000e-10 -4.11885637e-02 
 7.14500000e-10 -4.12401211e-02 
 7.15500000e-10 -4.12909773e-02 
 7.16500000e-10 -4.13411382e-02 
 7.17500000e-10 -4.13906098e-02 
 7.18500000e-10 -4.14393982e-02 
 7.19500000e-10 -4.14875093e-02 
 7.20500000e-10 -4.15349489e-02 
 7.21500000e-10 -4.15817229e-02 
 7.22500000e-10 -4.16278371e-02 
 7.23500000e-10 -4.16732972e-02 
 7.24500000e-10 -4.17181089e-02 
 7.25500000e-10 -4.17622778e-02 
 7.26500000e-10 -4.18058095e-02 
 7.27500000e-10 -4.18487095e-02 
 7.28500000e-10 -4.18909834e-02 
 7.29500000e-10 -4.19326366e-02 
 7.30500000e-10 -4.19736745e-02 
 7.31500000e-10 -4.20141025e-02 
 7.32500000e-10 -4.20539258e-02 
 7.33500000e-10 -4.20931497e-02 
 7.34500000e-10 -4.21317795e-02 
 7.35500000e-10 -4.21698204e-02 
 7.36500000e-10 -4.22072774e-02 
 7.37500000e-10 -4.22441556e-02 
 7.38500000e-10 -4.22804602e-02 
 7.39500000e-10 -4.23161961e-02 
 7.40500000e-10 -4.23513682e-02 
 7.41500000e-10 -4.23859815e-02 
 7.42500000e-10 -4.24200410e-02 
 7.43500000e-10 -4.24535513e-02 
 7.44500000e-10 -4.24865173e-02 
 7.45500000e-10 -4.25189438e-02 
 7.46500000e-10 -4.25508355e-02 
 7.47500000e-10 -4.25821971e-02 
 7.48500000e-10 -4.26130332e-02 
 7.49500000e-10 -4.26433483e-02 
 7.50500000e-10 -4.26731471e-02 
 7.51500000e-10 -4.27024341e-02 
 7.52500000e-10 -4.27312138e-02 
 7.53500000e-10 -4.27594906e-02 
 7.54500000e-10 -4.27872689e-02 
 7.55500000e-10 -4.28145531e-02 
 7.56500000e-10 -4.28413474e-02 
 7.57500000e-10 -4.28676564e-02 
 7.58500000e-10 -4.28934841e-02 
 7.59500000e-10 -4.29188348e-02 
 7.60500000e-10 -4.29437127e-02 
 7.61500000e-10 -4.29681219e-02 
 7.62500000e-10 -4.29920666e-02 
 7.63500000e-10 -4.30155508e-02 
 7.64500000e-10 -4.30385787e-02 
 7.65500000e-10 -4.30611542e-02 
 7.66500000e-10 -4.30832812e-02 
 7.67500000e-10 -4.31049638e-02 
 7.68500000e-10 -4.31262059e-02 
 7.69500000e-10 -4.31470113e-02 
 7.70500000e-10 -4.31673839e-02 
 7.71500000e-10 -4.31873274e-02 
 7.72500000e-10 -4.32068458e-02 
 7.73500000e-10 -4.32259427e-02 
 7.74500000e-10 -4.32446219e-02 
 7.75500000e-10 -4.32628870e-02 
 7.76500000e-10 -4.32807417e-02 
 7.77500000e-10 -4.32981897e-02 
 7.78500000e-10 -4.33152344e-02 
 7.79500000e-10 -4.33318796e-02 
 7.80500000e-10 -4.33481287e-02 
 7.81500000e-10 -4.33639852e-02 
 7.82500000e-10 -4.33794527e-02 
 7.83500000e-10 -4.33945345e-02 
 7.84500000e-10 -4.34092340e-02 
 7.85500000e-10 -4.34235548e-02 
 7.86500000e-10 -4.34375000e-02 
 7.87500000e-10 -4.34510731e-02 
 7.88500000e-10 -4.34642774e-02 
 7.89500000e-10 -4.34771160e-02 
 7.90500000e-10 -4.34895924e-02 
 7.91500000e-10 -4.35017097e-02 
 7.92500000e-10 -4.35134710e-02 
 7.93500000e-10 -4.35248797e-02 
 7.94500000e-10 -4.35359387e-02 
 7.95500000e-10 -4.35466512e-02 
 7.96500000e-10 -4.35570203e-02 
 7.97500000e-10 -4.35670491e-02 
 7.98500000e-10 -4.35767406e-02 
 7.99500000e-10 -4.35860978e-02 
 8.00500000e-10 -4.35951236e-02 
 8.01500000e-10 -4.36038211e-02 
 8.02500000e-10 -4.36121932e-02 
 8.03500000e-10 -4.36202428e-02 
 8.04500000e-10 -4.36279727e-02 
 8.05500000e-10 -4.36353859e-02 
 8.06500000e-10 -4.36424851e-02 
 8.07500000e-10 -4.36492732e-02 
 8.08500000e-10 -4.36557530e-02 
 8.09500000e-10 -4.36619271e-02 
 8.10500000e-10 -4.36677985e-02 
 8.11500000e-10 -4.36733697e-02 
 8.12500000e-10 -4.36786435e-02 
 8.13500000e-10 -4.36836226e-02 
 8.14500000e-10 -4.36883096e-02 
 8.15500000e-10 -4.36927071e-02 
 8.16500000e-10 -4.36968177e-02 
 8.17500000e-10 -4.37006440e-02 
 8.18500000e-10 -4.37041886e-02 
 8.19500000e-10 -4.37074540e-02 
 8.20500000e-10 -4.37104427e-02 
 8.21500000e-10 -4.37131573e-02 
 8.22500000e-10 -4.37156002e-02 
 8.23500000e-10 -4.37177738e-02 
 8.24500000e-10 -4.37196806e-02 
 8.25500000e-10 -4.37213230e-02 
 8.26500000e-10 -4.37227034e-02 
 8.27500000e-10 -4.37238241e-02 
 8.28500000e-10 -4.37246876e-02 
 8.29500000e-10 -4.37252961e-02 
 8.30500000e-10 -4.37256520e-02 
 8.31500000e-10 -4.37257575e-02 
 8.32500000e-10 -4.37256149e-02 
 8.33500000e-10 -4.37252266e-02 
 8.34500000e-10 -4.37245946e-02 
 8.35500000e-10 -4.37237213e-02 
 8.36500000e-10 -4.37226088e-02 
 8.37500000e-10 -4.37212593e-02 
 8.38500000e-10 -4.37196749e-02 
 8.39500000e-10 -4.37178579e-02 
 8.40500000e-10 -4.37158103e-02 
 8.41500000e-10 -4.37135343e-02 
 8.42500000e-10 -4.37110318e-02 
 8.43500000e-10 -4.37083051e-02 
 8.44500000e-10 -4.37053561e-02 
 8.45500000e-10 -4.37021869e-02 
 8.46500000e-10 -4.36987995e-02 
 8.47500000e-10 -4.36951959e-02 
 8.48500000e-10 -4.36913781e-02 
 8.49500000e-10 -4.36873480e-02 
 8.50500000e-10 -4.36831077e-02 
 8.51500000e-10 -4.36786589e-02 
 8.52500000e-10 -4.36740038e-02 
 8.53500000e-10 -4.36691441e-02 
 8.54500000e-10 -4.36640817e-02 
 8.55500000e-10 -4.36588185e-02 
 8.56500000e-10 -4.36533564e-02 
 8.57500000e-10 -4.36476972e-02 
 8.58500000e-10 -4.36418428e-02 
 8.59500000e-10 -4.36357948e-02 
 8.60500000e-10 -4.36295552e-02 
 8.61500000e-10 -4.36231257e-02 
 8.62500000e-10 -4.36165081e-02 
 8.63500000e-10 -4.36097040e-02 
 8.64500000e-10 -4.36027153e-02 
 8.65500000e-10 -4.35955437e-02 
 8.66500000e-10 -4.35881908e-02 
 8.67500000e-10 -4.35806583e-02 
 8.68500000e-10 -4.35729480e-02 
 8.69500000e-10 -4.35650614e-02 
 8.70500000e-10 -4.35570003e-02 
 8.71500000e-10 -4.35487662e-02 
 8.72500000e-10 -4.35403608e-02 
 8.73500000e-10 -4.35317856e-02 
 8.74500000e-10 -4.35230423e-02 
 8.75500000e-10 -4.35141325e-02 
 8.76500000e-10 -4.35050577e-02 
 8.77500000e-10 -4.34958194e-02 
 8.78500000e-10 -4.34864192e-02 
 8.79500000e-10 -4.34768586e-02 
 8.80500000e-10 -4.34671392e-02 
 8.81500000e-10 -4.34572624e-02 
 8.82500000e-10 -4.34472296e-02 
 8.83500000e-10 -4.34370425e-02 
 8.84500000e-10 -4.34267024e-02 
 8.85500000e-10 -4.34162108e-02 
 8.86500000e-10 -4.34055691e-02 
 8.87500000e-10 -4.33947788e-02 
 8.88500000e-10 -4.33838412e-02 
 8.89500000e-10 -4.33727578e-02 
 8.90500000e-10 -4.33615299e-02 
 8.91500000e-10 -4.33501589e-02 
 8.92500000e-10 -4.33386463e-02 
 8.93500000e-10 -4.33269932e-02 
 8.94500000e-10 -4.33152012e-02 
 8.95500000e-10 -4.33032714e-02 
 8.96500000e-10 -4.32912053e-02 
 8.97500000e-10 -4.32790041e-02 
 8.98500000e-10 -4.32666691e-02 
 8.99500000e-10 -4.32542016e-02 
 9.00500000e-10 -4.32416030e-02 
 9.01500000e-10 -4.32288743e-02 
 9.02500000e-10 -4.32160170e-02 
 9.03500000e-10 -4.32030322e-02 
 9.04500000e-10 -4.31899212e-02 
 9.05500000e-10 -4.31766852e-02 
 9.06500000e-10 -4.31633254e-02 
 9.07500000e-10 -4.31498430e-02 
 9.08500000e-10 -4.31362391e-02 
 9.09500000e-10 -4.31225151e-02 
 9.10500000e-10 -4.31086720e-02 
 9.11500000e-10 -4.30947110e-02 
 9.12500000e-10 -4.30806333e-02 
 9.13500000e-10 -4.30664399e-02 
 9.14500000e-10 -4.30521321e-02 
 9.15500000e-10 -4.30377109e-02 
 9.16500000e-10 -4.30231774e-02 
 9.17500000e-10 -4.30085329e-02 
 9.18500000e-10 -4.29937782e-02 
 9.19500000e-10 -4.29789146e-02 
 9.20500000e-10 -4.29639431e-02 
 9.21500000e-10 -4.29488648e-02 
 9.22500000e-10 -4.29336807e-02 
 9.23500000e-10 -4.29183918e-02 
 9.24500000e-10 -4.29029993e-02 
 9.25500000e-10 -4.28875041e-02 
 9.26500000e-10 -4.28719073e-02 
 9.27500000e-10 -4.28562098e-02 
 9.28500000e-10 -4.28404127e-02 
 9.29500000e-10 -4.28245170e-02 
 9.30500000e-10 -4.28085236e-02 
 9.31500000e-10 -4.27924336e-02 
 9.32500000e-10 -4.27762478e-02 
 9.33500000e-10 -4.27599674e-02 
 9.34500000e-10 -4.27435931e-02 
 9.35500000e-10 -4.27271260e-02 
 9.36500000e-10 -4.27105669e-02 
 9.37500000e-10 -4.26939169e-02 
 9.38500000e-10 -4.26771768e-02 
 9.39500000e-10 -4.26603476e-02 
 9.40500000e-10 -4.26434302e-02 
 9.41500000e-10 -4.26264253e-02 
 9.42500000e-10 -4.26093341e-02 
 9.43500000e-10 -4.25921572e-02 
 9.44500000e-10 -4.25748957e-02 
 9.45500000e-10 -4.25575503e-02 
 9.46500000e-10 -4.25401220e-02 
 9.47500000e-10 -4.25226115e-02 
 9.48500000e-10 -4.25050198e-02 
 9.49500000e-10 -4.24873476e-02 
 9.50500000e-10 -4.24695958e-02 
 9.51500000e-10 -4.24517653e-02 
 9.52500000e-10 -4.24338567e-02 
 9.53500000e-10 -4.24158710e-02 
 9.54500000e-10 -4.23978090e-02 
 9.55500000e-10 -4.23796713e-02 
 9.56500000e-10 -4.23614589e-02 
 9.57500000e-10 -4.23431726e-02 
 9.58500000e-10 -4.23248130e-02 
 9.59500000e-10 -4.23063809e-02 
 9.60500000e-10 -4.22878772e-02 
 9.61500000e-10 -4.22693025e-02 
 9.62500000e-10 -4.22506577e-02 
 9.63500000e-10 -4.22319434e-02 
 9.64500000e-10 -4.22131605e-02 
 9.65500000e-10 -4.21943095e-02 
 9.66500000e-10 -4.21753913e-02 
 9.67500000e-10 -4.21564066e-02 
 9.68500000e-10 -4.21373561e-02 
 9.69500000e-10 -4.21182405e-02 
 9.70500000e-10 -4.20990604e-02 
 9.71500000e-10 -4.20798166e-02 
 9.72500000e-10 -4.20605098e-02 
 9.73500000e-10 -4.20411407e-02 
 9.74500000e-10 -4.20217098e-02 
 9.75500000e-10 -4.20022180e-02 
 9.76500000e-10 -4.19826658e-02 
 9.77500000e-10 -4.19630540e-02 
 9.78500000e-10 -4.19433831e-02 
 9.79500000e-10 -4.19236539e-02 
 9.80500000e-10 -4.19038669e-02 
 9.81500000e-10 -4.18840228e-02 
 9.82500000e-10 -4.18641222e-02 
 9.83500000e-10 -4.18441658e-02 
 9.84500000e-10 -4.18241541e-02 
 9.85500000e-10 -4.18040879e-02 
 9.86500000e-10 -4.17839676e-02 
 9.87500000e-10 -4.17637939e-02 
 9.88500000e-10 -4.17435675e-02 
 9.89500000e-10 -4.17232888e-02 
 9.90500000e-10 -4.17029585e-02 
 9.91500000e-10 -4.16825772e-02 
 9.92500000e-10 -4.16621455e-02 
 9.93500000e-10 -4.16416638e-02 
 9.94500000e-10 -4.16211328e-02 
 9.95500000e-10 -4.16005531e-02 
 9.96500000e-10 -4.15799252e-02 
 9.97500000e-10 -4.15592497e-02 
 9.98500000e-10 -4.15385271e-02 
 9.99500000e-10 -4.15177579e-02 
 1.00050000e-09 -4.14969428e-02 
 1.00150000e-09 -4.14760822e-02 
 1.00250000e-09 -4.14551766e-02 
 1.00350000e-09 -4.14342267e-02 
 1.00450000e-09 -4.14132328e-02 
 1.00550000e-09 -4.13921956e-02 
 1.00650000e-09 -4.13711155e-02 
 1.00750000e-09 -4.13499931e-02 
 1.00850000e-09 -4.13288288e-02 
 1.00950000e-09 -4.13076232e-02 
 1.01050000e-09 -4.12863768e-02 
 1.01150000e-09 -4.12650900e-02 
 1.01250000e-09 -4.12437633e-02 
 1.01350000e-09 -4.12223972e-02 
 1.01450000e-09 -4.12009923e-02 
 1.01550000e-09 -4.11795488e-02 
 1.01650000e-09 -4.11580675e-02 
 1.01750000e-09 -4.11365486e-02 
 1.01850000e-09 -4.11149927e-02 
 1.01950000e-09 -4.10934002e-02 
 1.02050000e-09 -4.10717716e-02 
 1.02150000e-09 -4.10501073e-02 
 1.02250000e-09 -4.10284078e-02 
 1.02350000e-09 -4.10066735e-02 
 1.02450000e-09 -4.09849048e-02 
 1.02550000e-09 -4.09631023e-02 
 1.02650000e-09 -4.09412662e-02 
 1.02750000e-09 -4.09193972e-02 
 1.02850000e-09 -4.08974954e-02 
 1.02950000e-09 -4.08755615e-02 
 1.03050000e-09 -4.08535958e-02 
 1.03150000e-09 -4.08315987e-02 
 1.03250000e-09 -4.08095706e-02 
 1.03350000e-09 -4.07875120e-02 
 1.03450000e-09 -4.07654232e-02 
 1.03550000e-09 -4.07433047e-02 
 1.03650000e-09 -4.07211568e-02 
 1.03750000e-09 -4.06989799e-02 
 1.03850000e-09 -4.06767744e-02 
 1.03950000e-09 -4.06545407e-02 
 1.04050000e-09 -4.06322792e-02 
 1.04150000e-09 -4.06099903e-02 
 1.04250000e-09 -4.05876743e-02 
 1.04350000e-09 -4.05653316e-02 
 1.04450000e-09 -4.05429625e-02 
 1.04550000e-09 -4.05205676e-02 
 1.04650000e-09 -4.04981470e-02 
 1.04750000e-09 -4.04757011e-02 
 1.04850000e-09 -4.04532304e-02 
 1.04950000e-09 -4.04307352e-02 
 1.05050000e-09 -4.04082158e-02 
 1.05150000e-09 -4.03856725e-02 
 1.05250000e-09 -4.03631058e-02 
 1.05350000e-09 -4.03405159e-02 
 1.05450000e-09 -4.03179032e-02 
 1.05550000e-09 -4.02952681e-02 
 1.05650000e-09 -4.02726108e-02 
 1.05750000e-09 -4.02499316e-02 
 1.05850000e-09 -4.02272310e-02 
 1.05950000e-09 -4.02045092e-02 
 1.06050000e-09 -4.01817666e-02 
 1.06150000e-09 -4.01590035e-02 
 1.06250000e-09 -4.01362201e-02 
 1.06350000e-09 -4.01134169e-02 
 1.06450000e-09 -4.00905940e-02 
 1.06550000e-09 -4.00677519e-02 
 1.06650000e-09 -4.00448908e-02 
 1.06750000e-09 -4.00220110e-02 
 1.06850000e-09 -3.99991129e-02 
 1.06950000e-09 -3.99761967e-02 
 1.07050000e-09 -3.99532626e-02 
 1.07150000e-09 -3.99303111e-02 
 1.07250000e-09 -3.99073424e-02 
 1.07350000e-09 -3.98843568e-02 
 1.07450000e-09 -3.98613545e-02 
 1.07550000e-09 -3.98383358e-02 
 1.07650000e-09 -3.98153011e-02 
 1.07750000e-09 -3.97922506e-02 
 1.07850000e-09 -3.97691846e-02 
 1.07950000e-09 -3.97461033e-02 
 1.08050000e-09 -3.97230070e-02 
 1.08150000e-09 -3.96998960e-02 
 1.08250000e-09 -3.96767705e-02 
 1.08350000e-09 -3.96536308e-02 
 1.08450000e-09 -3.96304773e-02 
 1.08550000e-09 -3.96073100e-02 
 1.08650000e-09 -3.95841293e-02 
 1.08750000e-09 -3.95609354e-02 
 1.08850000e-09 -3.95377287e-02 
 1.08950000e-09 -3.95145092e-02 
 1.09050000e-09 -3.94912773e-02 
 1.09150000e-09 -3.94680333e-02 
 1.09250000e-09 -3.94447773e-02 
 1.09350000e-09 -3.94215096e-02 
 1.09450000e-09 -3.93982305e-02 
 1.09550000e-09 -3.93749401e-02 
 1.09650000e-09 -3.93516387e-02 
 1.09750000e-09 -3.93283266e-02 
 1.09850000e-09 -3.93050040e-02 
 1.09950000e-09 -3.92816710e-02 
 1.10050000e-09 -3.92583280e-02 
 1.10150000e-09 -3.92349751e-02 
 1.10250000e-09 -3.92116126e-02 
 1.10350000e-09 -3.91882407e-02 
 1.10450000e-09 -3.91648595e-02 
 1.10550000e-09 -3.91414694e-02 
 1.10650000e-09 -3.91180706e-02 
 1.10750000e-09 -3.90946632e-02 
 1.10850000e-09 -3.90712474e-02 
 1.10950000e-09 -3.90478235e-02 
 1.11050000e-09 -3.90243917e-02 
 1.11150000e-09 -3.90009521e-02 
 1.11250000e-09 -3.89775050e-02 
 1.11350000e-09 -3.89540506e-02 
 1.11450000e-09 -3.89305891e-02 
 1.11550000e-09 -3.89071207e-02 
 1.11650000e-09 -3.88836455e-02 
 1.11750000e-09 -3.88601638e-02 
 1.11850000e-09 -3.88366758e-02 
 1.11950000e-09 -3.88131815e-02 
 1.12050000e-09 -3.87896814e-02 
 1.12150000e-09 -3.87661754e-02 
 1.12250000e-09 -3.87426639e-02 
 1.12350000e-09 -3.87191469e-02 
 1.12450000e-09 -3.86956248e-02 
 1.12550000e-09 -3.86720976e-02 
 1.12650000e-09 -3.86485655e-02 
 1.12750000e-09 -3.86250287e-02 
 1.12850000e-09 -3.86014874e-02 
 1.12950000e-09 -3.85779418e-02 
 1.13050000e-09 -3.85543920e-02 
 1.13150000e-09 -3.85308382e-02 
 1.13250000e-09 -3.85072805e-02 
 1.13350000e-09 -3.84837193e-02 
 1.13450000e-09 -3.84601545e-02 
 1.13550000e-09 -3.84365864e-02 
 1.13650000e-09 -3.84130151e-02 
 1.13750000e-09 -3.83894408e-02 
 1.13850000e-09 -3.83658637e-02 
 1.13950000e-09 -3.83422839e-02 
 1.14050000e-09 -3.83187016e-02 
 1.14150000e-09 -3.82951169e-02 
 1.14250000e-09 -3.82715300e-02 
 1.14350000e-09 -3.82479410e-02 
 1.14450000e-09 -3.82243501e-02 
 1.14550000e-09 -3.82007575e-02 
 1.14650000e-09 -3.81771633e-02 
 1.14750000e-09 -3.81535675e-02 
 1.14850000e-09 -3.81299705e-02 
 1.14950000e-09 -3.81063723e-02 
 1.15050000e-09 -3.80827731e-02 
 1.15150000e-09 -3.80591730e-02 
 1.15250000e-09 -3.80355722e-02 
 1.15350000e-09 -3.80119707e-02 
 1.15450000e-09 -3.79883688e-02 
 1.15550000e-09 -3.79647666e-02 
 1.15650000e-09 -3.79411642e-02 
 1.15750000e-09 -3.79175617e-02 
 1.15850000e-09 -3.78939593e-02 
 1.15950000e-09 -3.78703571e-02 
 1.16050000e-09 -3.78467553e-02 
 1.16150000e-09 -3.78231539e-02 
 1.16250000e-09 -3.77995532e-02 
 1.16350000e-09 -3.77759531e-02 
 1.16450000e-09 -3.77523540e-02 
 1.16550000e-09 -3.77287558e-02 
 1.16650000e-09 -3.77051587e-02 
 1.16750000e-09 -3.76815629e-02 
 1.16850000e-09 -3.76579684e-02 
 1.16950000e-09 -3.76343754e-02 
 1.17050000e-09 -3.76107840e-02 
 1.17150000e-09 -3.75871942e-02 
 1.17250000e-09 -3.75636064e-02 
 1.17350000e-09 -3.75400205e-02 
 1.17450000e-09 -3.75164366e-02 
 1.17550000e-09 -3.74928549e-02 
 1.17650000e-09 -3.74692755e-02 
 1.17750000e-09 -3.74456985e-02 
 1.17850000e-09 -3.74221241e-02 
 1.17950000e-09 -3.73985522e-02 
 1.18050000e-09 -3.73749831e-02 
 1.18150000e-09 -3.73514168e-02 
 1.18250000e-09 -3.73278535e-02 
 1.18350000e-09 -3.73042933e-02 
 1.18450000e-09 -3.72807362e-02 
 1.18550000e-09 -3.72571824e-02 
 1.18650000e-09 -3.72336319e-02 
 1.18750000e-09 -3.72100849e-02 
 1.18850000e-09 -3.71865415e-02 
 1.18950000e-09 -3.71630018e-02 
 1.19050000e-09 -3.71394658e-02 
 1.19150000e-09 -3.71159337e-02 
 1.19250000e-09 -3.70924056e-02 
 1.19350000e-09 -3.70688816e-02 
 1.19450000e-09 -3.70453617e-02 
 1.19550000e-09 -3.70218461e-02 
 1.19650000e-09 -3.69983348e-02 
 1.19750000e-09 -3.69748280e-02 
 1.19850000e-09 -3.69513257e-02 
 1.19950000e-09 -3.69278281e-02 
 1.20050000e-09 -3.69043352e-02 
 1.20150000e-09 -3.68808471e-02 
 1.20250000e-09 -3.68573638e-02 
 1.20350000e-09 -3.68338856e-02 
 1.20450000e-09 -3.68104125e-02 
 1.20550000e-09 -3.67869445e-02 
 1.20650000e-09 -3.67634817e-02 
 1.20750000e-09 -3.67400243e-02 
 1.20850000e-09 -3.67165724e-02 
 1.20950000e-09 -3.66931259e-02 
 1.21050000e-09 -3.66696850e-02 
 1.21150000e-09 -3.66462497e-02 
 1.21250000e-09 -3.66228203e-02 
 1.21350000e-09 -3.65993966e-02 
 1.21450000e-09 -3.65759788e-02 
 1.21550000e-09 -3.65525671e-02 
 1.21650000e-09 -3.65291614e-02 
 1.21750000e-09 -3.65057618e-02 
 1.21850000e-09 -3.64823684e-02 
 1.21950000e-09 -3.64589814e-02 
 1.22050000e-09 -3.64356007e-02 
 1.22150000e-09 -3.64122264e-02 
 1.22250000e-09 -3.63888587e-02 
 1.22350000e-09 -3.63654976e-02 
 1.22450000e-09 -3.63421431e-02 
 1.22550000e-09 -3.63187953e-02 
 1.22650000e-09 -3.62954544e-02 
 1.22750000e-09 -3.62721203e-02 
 1.22850000e-09 -3.62487931e-02 
 1.22950000e-09 -3.62254730e-02 
 1.23050000e-09 -3.62021600e-02 
 1.23150000e-09 -3.61788541e-02 
 1.23250000e-09 -3.61555554e-02 
 1.23350000e-09 -3.61322640e-02 
 1.23450000e-09 -3.61089799e-02 
 1.23550000e-09 -3.60857032e-02 
 1.23650000e-09 -3.60624341e-02 
 1.23750000e-09 -3.60391724e-02 
 1.23850000e-09 -3.60159184e-02 
 1.23950000e-09 -3.59926720e-02 
 1.24050000e-09 -3.59694333e-02 
 1.24150000e-09 -3.59462025e-02 
 1.24250000e-09 -3.59229794e-02 
 1.24350000e-09 -3.58997643e-02 
 1.24450000e-09 -3.58765572e-02 
 1.24550000e-09 -3.58533580e-02 
 1.24650000e-09 -3.58301670e-02 
 1.24750000e-09 -3.58069841e-02 
 1.24850000e-09 -3.57838094e-02 
 1.24950000e-09 -3.57606429e-02 
 1.25050000e-09 -3.57374848e-02 
 1.25150000e-09 -3.57143350e-02 
 1.25250000e-09 -3.56911937e-02 
 1.25350000e-09 -3.56680608e-02 
 1.25450000e-09 -3.56449364e-02 
 1.25550000e-09 -3.56218207e-02 
 1.25650000e-09 -3.55987135e-02 
 1.25750000e-09 -3.55756151e-02 
 1.25850000e-09 -3.55525254e-02 
 1.25950000e-09 -3.55294444e-02 
 1.26050000e-09 -3.55063724e-02 
 1.26150000e-09 -3.54833092e-02 
 1.26250000e-09 -3.54602549e-02 
 1.26350000e-09 -3.54372097e-02 
 1.26450000e-09 -3.54141734e-02 
 1.26550000e-09 -3.53911463e-02 
 1.26650000e-09 -3.53681283e-02 
 1.26750000e-09 -3.53451195e-02 
 1.26850000e-09 -3.53221199e-02 
 1.26950000e-09 -3.52991295e-02 
 1.27050000e-09 -3.52761485e-02 
 1.27150000e-09 -3.52531769e-02 
 1.27250000e-09 -3.52302146e-02 
 1.27350000e-09 -3.52072619e-02 
 1.27450000e-09 -3.51843186e-02 
 1.27550000e-09 -3.51613848e-02 
 1.27650000e-09 -3.51384607e-02 
 1.27750000e-09 -3.51155461e-02 
 1.27850000e-09 -3.50926413e-02 
 1.27950000e-09 -3.50697461e-02 
 1.28050000e-09 -3.50468607e-02 
 1.28150000e-09 -3.50239851e-02 
 1.28250000e-09 -3.50011193e-02 
 1.28350000e-09 -3.49782634e-02 
 1.28450000e-09 -3.49554174e-02 
 1.28550000e-09 -3.49325813e-02 
 1.28650000e-09 -3.49097552e-02 
 1.28750000e-09 -3.48869392e-02 
 1.28850000e-09 -3.48641332e-02 
 1.28950000e-09 -3.48413374e-02 
 1.29050000e-09 -3.48185516e-02 
 1.29150000e-09 -3.47957761e-02 
 1.29250000e-09 -3.47730107e-02 
 1.29350000e-09 -3.47502557e-02 
 1.29450000e-09 -3.47275109e-02 
 1.29550000e-09 -3.47047764e-02 
 1.29650000e-09 -3.46820522e-02 
 1.29750000e-09 -3.46593385e-02 
 1.29850000e-09 -3.46366352e-02 
 1.29950000e-09 -3.46139423e-02 
 1.30050000e-09 -3.45912599e-02 
 1.30150000e-09 -3.45685881e-02 
 1.30250000e-09 -3.45459268e-02 
 1.30350000e-09 -3.45232761e-02 
 1.30450000e-09 -3.45006360e-02 
 1.30550000e-09 -3.44780065e-02 
 1.30650000e-09 -3.44553878e-02 
 1.30750000e-09 -3.44327797e-02 
 1.30850000e-09 -3.44101824e-02 
 1.30950000e-09 -3.43875959e-02 
 1.31050000e-09 -3.43650201e-02 
 1.31150000e-09 -3.43424552e-02 
 1.31250000e-09 -3.43199012e-02 
 1.31350000e-09 -3.42973580e-02 
 1.31450000e-09 -3.42748258e-02 
 1.31550000e-09 -3.42523045e-02 
 1.31650000e-09 -3.42297942e-02 
 1.31750000e-09 -3.42072949e-02 
 1.31850000e-09 -3.41848066e-02 
 1.31950000e-09 -3.41623294e-02 
 1.32050000e-09 -3.41398633e-02 
 1.32150000e-09 -3.41174083e-02 
 1.32250000e-09 -3.40949644e-02 
 1.32350000e-09 -3.40725316e-02 
 1.32450000e-09 -3.40501101e-02 
 1.32550000e-09 -3.40276998e-02 
 1.32650000e-09 -3.40053007e-02 
 1.32750000e-09 -3.39829128e-02 
 1.32850000e-09 -3.39605363e-02 
 1.32950000e-09 -3.39381710e-02 
 1.33050000e-09 -3.39158171e-02 
 1.33150000e-09 -3.38934746e-02 
 1.33250000e-09 -3.38711434e-02 
 1.33350000e-09 -3.38488236e-02 
 1.33450000e-09 -3.38265153e-02 
 1.33550000e-09 -3.38042184e-02 
 1.33650000e-09 -3.37819330e-02 
 1.33750000e-09 -3.37596590e-02 
 1.33850000e-09 -3.37373966e-02 
 1.33950000e-09 -3.37151457e-02 
 1.34050000e-09 -3.36929064e-02 
 1.34150000e-09 -3.36706786e-02 
 1.34250000e-09 -3.36484624e-02 
 1.34350000e-09 -3.36262579e-02 
 1.34450000e-09 -3.36040650e-02 
 1.34550000e-09 -3.35818837e-02 
 1.34650000e-09 -3.35597141e-02 
 1.34750000e-09 -3.35375562e-02 
 1.34850000e-09 -3.35154100e-02 
 1.34950000e-09 -3.34932756e-02 
 1.35050000e-09 -3.34711529e-02 
 1.35150000e-09 -3.34490420e-02 
 1.35250000e-09 -3.34269429e-02 
 1.35350000e-09 -3.34048555e-02 
 1.35450000e-09 -3.33827800e-02 
 1.35550000e-09 -3.33607163e-02 
 1.35650000e-09 -3.33386645e-02 
 1.35750000e-09 -3.33166246e-02 
 1.35850000e-09 -3.32945965e-02 
 1.35950000e-09 -3.32725804e-02 
 1.36050000e-09 -3.32505762e-02 
 1.36150000e-09 -3.32285839e-02 
 1.36250000e-09 -3.32066036e-02 
 1.36350000e-09 -3.31846352e-02 
 1.36450000e-09 -3.31626789e-02 
 1.36550000e-09 -3.31407345e-02 
 1.36650000e-09 -3.31188022e-02 
 1.36750000e-09 -3.30968819e-02 
 1.36850000e-09 -3.30749736e-02 
 1.36950000e-09 -3.30530774e-02 
 1.37050000e-09 -3.30311933e-02 
 1.37150000e-09 -3.30093212e-02 
 1.37250000e-09 -3.29874613e-02 
 1.37350000e-09 -3.29656135e-02 
 1.37450000e-09 -3.29437778e-02 
 1.37550000e-09 -3.29219542e-02 
 1.37650000e-09 -3.29001428e-02 
 1.37750000e-09 -3.28783436e-02 
 1.37850000e-09 -3.28565565e-02 
 1.37950000e-09 -3.28347817e-02 
 1.38050000e-09 -3.28130191e-02 
 1.38150000e-09 -3.27912686e-02 
 1.38250000e-09 -3.27695304e-02 
 1.38350000e-09 -3.27478045e-02 
 1.38450000e-09 -3.27260908e-02 
 1.38550000e-09 -3.27043893e-02 
 1.38650000e-09 -3.26827002e-02 
 1.38750000e-09 -3.26610233e-02 
 1.38850000e-09 -3.26393587e-02 
 1.38950000e-09 -3.26177065e-02 
 1.39050000e-09 -3.25960665e-02 
 1.39150000e-09 -3.25744389e-02 
 1.39250000e-09 -3.25528237e-02 
 1.39350000e-09 -3.25312207e-02 
 1.39450000e-09 -3.25096302e-02 
 1.39550000e-09 -3.24880520e-02 
 1.39650000e-09 -3.24664862e-02 
 1.39750000e-09 -3.24449327e-02 
 1.39850000e-09 -3.24233917e-02 
 1.39950000e-09 -3.24018631e-02 
 1.40050000e-09 -3.23803469e-02 
 1.40150000e-09 -3.23588431e-02 
 1.40250000e-09 -3.23373518e-02 
 1.40350000e-09 -3.23158729e-02 
 1.40450000e-09 -3.22944064e-02 
 1.40550000e-09 -3.22729524e-02 
 1.40650000e-09 -3.22515109e-02 
 1.40750000e-09 -3.22300819e-02 
 1.40850000e-09 -3.22086653e-02 
 1.40950000e-09 -3.21872612e-02 
 1.41050000e-09 -3.21658697e-02 
 1.41150000e-09 -3.21444906e-02 
 1.41250000e-09 -3.21231240e-02 
 1.41350000e-09 -3.21017700e-02 
 1.41450000e-09 -3.20804285e-02 
 1.41550000e-09 -3.20590995e-02 
 1.41650000e-09 -3.20377831e-02 
 1.41750000e-09 -3.20164792e-02 
 1.41850000e-09 -3.19951879e-02 
 1.41950000e-09 -3.19739091e-02 
 1.42050000e-09 -3.19526429e-02 
 1.42150000e-09 -3.19313892e-02 
 1.42250000e-09 -3.19101482e-02 
 1.42350000e-09 -3.18889197e-02 
 1.42450000e-09 -3.18677038e-02 
 1.42550000e-09 -3.18465005e-02 
 1.42650000e-09 -3.18253098e-02 
 1.42750000e-09 -3.18041317e-02 
 1.42850000e-09 -3.17829663e-02 
 1.42950000e-09 -3.17618134e-02 
 1.43050000e-09 -3.17406732e-02 
 1.43150000e-09 -3.17195456e-02 
 1.43250000e-09 -3.16984306e-02 
 1.43350000e-09 -3.16773282e-02 
 1.43450000e-09 -3.16562385e-02 
 1.43550000e-09 -3.16351615e-02 
 1.43650000e-09 -3.16140970e-02 
 1.43750000e-09 -3.15930453e-02 
 1.43850000e-09 -3.15720062e-02 
 1.43950000e-09 -3.15509797e-02 
 1.44050000e-09 -3.15299659e-02 
 1.44150000e-09 -3.15089648e-02 
 1.44250000e-09 -3.14879764e-02 
 1.44350000e-09 -3.14670006e-02 
 1.44450000e-09 -3.14460375e-02 
 1.44550000e-09 -3.14250871e-02 
 1.44650000e-09 -3.14041494e-02 
 1.44750000e-09 -3.13832244e-02 
 1.44850000e-09 -3.13623120e-02 
 1.44950000e-09 -3.13414124e-02 
 1.45050000e-09 -3.13205254e-02 
 1.45150000e-09 -3.12996512e-02 
 1.45250000e-09 -3.12787896e-02 
 1.45350000e-09 -3.12579408e-02 
 1.45450000e-09 -3.12371047e-02 
 1.45550000e-09 -3.12162812e-02 
 1.45650000e-09 -3.11954705e-02 
 1.45750000e-09 -3.11746725e-02 
 1.45850000e-09 -3.11538872e-02 
 1.45950000e-09 -3.11331147e-02 
 1.46050000e-09 -3.11123548e-02 
 1.46150000e-09 -3.10916077e-02 
 1.46250000e-09 -3.10708733e-02 
 1.46350000e-09 -3.10501516e-02 
 1.46450000e-09 -3.10294427e-02 
 1.46550000e-09 -3.10087464e-02 
 1.46650000e-09 -3.09880629e-02 
 1.46750000e-09 -3.09673922e-02 
 1.46850000e-09 -3.09467341e-02 
 1.46950000e-09 -3.09260889e-02 
 1.47050000e-09 -3.09054563e-02 
 1.47150000e-09 -3.08848365e-02 
 1.47250000e-09 -3.08642294e-02 
 1.47350000e-09 -3.08436350e-02 
 1.47450000e-09 -3.08230534e-02 
 1.47550000e-09 -3.08024845e-02 
 1.47650000e-09 -3.07819284e-02 
 1.47750000e-09 -3.07613850e-02 
 1.47850000e-09 -3.07408543e-02 
 1.47950000e-09 -3.07203364e-02 
 1.48050000e-09 -3.06998312e-02 
 1.48150000e-09 -3.06793388e-02 
 1.48250000e-09 -3.06588590e-02 
 1.48350000e-09 -3.06383921e-02 
 1.48450000e-09 -3.06179379e-02 
 1.48550000e-09 -3.05974964e-02 
 1.48650000e-09 -3.05770676e-02 
 1.48750000e-09 -3.05566516e-02 
 1.48850000e-09 -3.05362484e-02 
 1.48950000e-09 -3.05158578e-02 
 1.49050000e-09 -3.04954801e-02 
 1.49150000e-09 -3.04751150e-02 
 1.49250000e-09 -3.04547627e-02 
 1.49350000e-09 -3.04344231e-02 
 1.49450000e-09 -3.04140963e-02 
 1.49550000e-09 -3.03937822e-02 
 1.49650000e-09 -3.03734808e-02 
 1.49750000e-09 -3.03531922e-02 
 1.49850000e-09 -3.03329163e-02 
 1.49950000e-09 -3.03126531e-02 
 1.50050000e-09 -3.02924026e-02 
 1.50150000e-09 -3.02721649e-02 
 1.50250000e-09 -3.02519399e-02 
 1.50350000e-09 -3.02317277e-02 
 1.50450000e-09 -3.02115282e-02 
 1.50550000e-09 -3.01913413e-02 
 1.50650000e-09 -3.01711673e-02 
 1.50750000e-09 -3.01510059e-02 
 1.50850000e-09 -3.01308572e-02 
 1.50950000e-09 -3.01107213e-02 
 1.51050000e-09 -3.00905981e-02 
 1.51150000e-09 -3.00704876e-02 
 1.51250000e-09 -3.00503898e-02 
 1.51350000e-09 -3.00303047e-02 
 1.51450000e-09 -3.00102323e-02 
 1.51550000e-09 -2.99901727e-02 
 1.51650000e-09 -2.99701257e-02 
 1.51750000e-09 -2.99500915e-02 
 1.51850000e-09 -2.99300699e-02 
 1.51950000e-09 -2.99100610e-02 
 1.52050000e-09 -2.98900649e-02 
 1.52150000e-09 -2.98700814e-02 
 1.52250000e-09 -2.98501106e-02 
 1.52350000e-09 -2.98301525e-02 
 1.52450000e-09 -2.98102071e-02 
 1.52550000e-09 -2.97902744e-02 
 1.52650000e-09 -2.97703544e-02 
 1.52750000e-09 -2.97504470e-02 
 1.52850000e-09 -2.97305523e-02 
 1.52950000e-09 -2.97106703e-02 
 1.53050000e-09 -2.96908010e-02 
 1.53150000e-09 -2.96709443e-02 
 1.53250000e-09 -2.96511003e-02 
 1.53350000e-09 -2.96312689e-02 
 1.53450000e-09 -2.96114502e-02 
 1.53550000e-09 -2.95916442e-02 
 1.53650000e-09 -2.95718508e-02 
 1.53750000e-09 -2.95520701e-02 
 1.53850000e-09 -2.95323020e-02 
 1.53950000e-09 -2.95125466e-02 
 1.54050000e-09 -2.94928038e-02 
 1.54150000e-09 -2.94730736e-02 
 1.54250000e-09 -2.94533561e-02 
 1.54350000e-09 -2.94336512e-02 
 1.54450000e-09 -2.94139589e-02 
 1.54550000e-09 -2.93942792e-02 
 1.54650000e-09 -2.93746122e-02 
 1.54750000e-09 -2.93549578e-02 
 1.54850000e-09 -2.93353160e-02 
 1.54950000e-09 -2.93156868e-02 
 1.55050000e-09 -2.92960702e-02 
 1.55150000e-09 -2.92764663e-02 
 1.55250000e-09 -2.92568749e-02 
 1.55350000e-09 -2.92372961e-02 
 1.55450000e-09 -2.92177299e-02 
 1.55550000e-09 -2.91981763e-02 
 1.55650000e-09 -2.91786353e-02 
 1.55750000e-09 -2.91591068e-02 
 1.55850000e-09 -2.91395910e-02 
 1.55950000e-09 -2.91200877e-02 
 1.56050000e-09 -2.91005970e-02 
 1.56150000e-09 -2.90811188e-02 
 1.56250000e-09 -2.90616532e-02 
 1.56350000e-09 -2.90422001e-02 
 1.56450000e-09 -2.90227597e-02 
 1.56550000e-09 -2.90033317e-02 
 1.56650000e-09 -2.89839163e-02 
 1.56750000e-09 -2.89645135e-02 
 1.56850000e-09 -2.89451231e-02 
 1.56950000e-09 -2.89257453e-02 
 1.57050000e-09 -2.89063801e-02 
 1.57150000e-09 -2.88870273e-02 
 1.57250000e-09 -2.88676871e-02 
 1.57350000e-09 -2.88483594e-02 
 1.57450000e-09 -2.88290442e-02 
 1.57550000e-09 -2.88097415e-02 
 1.57650000e-09 -2.87904513e-02 
 1.57750000e-09 -2.87711736e-02 
 1.57850000e-09 -2.87519084e-02 
 1.57950000e-09 -2.87326556e-02 
 1.58050000e-09 -2.87134154e-02 
 1.58150000e-09 -2.86941876e-02 
 1.58250000e-09 -2.86749723e-02 
 1.58350000e-09 -2.86557695e-02 
 1.58450000e-09 -2.86365792e-02 
 1.58550000e-09 -2.86174012e-02 
 1.58650000e-09 -2.85982358e-02 
 1.58750000e-09 -2.85790828e-02 
 1.58850000e-09 -2.85599422e-02 
 1.58950000e-09 -2.85408141e-02 
 1.59050000e-09 -2.85216984e-02 
 1.59150000e-09 -2.85025952e-02 
 1.59250000e-09 -2.84835044e-02 
 1.59350000e-09 -2.84644260e-02 
 1.59450000e-09 -2.84453600e-02 
 1.59550000e-09 -2.84263064e-02 
 1.59650000e-09 -2.84072652e-02 
 1.59750000e-09 -2.83882364e-02 
 1.59850000e-09 -2.83692200e-02 
 1.59950000e-09 -2.83502160e-02 
 1.60050000e-09 -2.83312244e-02 
 1.60150000e-09 -2.83122452e-02 
 1.60250000e-09 -2.82932783e-02 
 1.60350000e-09 -2.82743238e-02 
 1.60450000e-09 -2.82553817e-02 
 1.60550000e-09 -2.82364519e-02 
 1.60650000e-09 -2.82175345e-02 
 1.60750000e-09 -2.81986295e-02 
 1.60850000e-09 -2.81797367e-02 
 1.60950000e-09 -2.81608564e-02 
 1.61050000e-09 -2.81419883e-02 
 1.61150000e-09 -2.81231326e-02 
 1.61250000e-09 -2.81042892e-02 
 1.61350000e-09 -2.80854581e-02 
 1.61450000e-09 -2.80666393e-02 
 1.61550000e-09 -2.80478328e-02 
 1.61650000e-09 -2.80290386e-02 
 1.61750000e-09 -2.80102567e-02 
 1.61850000e-09 -2.79914871e-02 
 1.61950000e-09 -2.79727298e-02 
 1.62050000e-09 -2.79539848e-02 
 1.62150000e-09 -2.79352520e-02 
 1.62250000e-09 -2.79165315e-02 
 1.62350000e-09 -2.78978233e-02 
 1.62450000e-09 -2.78791273e-02 
 1.62550000e-09 -2.78604436e-02 
 1.62650000e-09 -2.78417721e-02 
 1.62750000e-09 -2.78231128e-02 
 1.62850000e-09 -2.78044658e-02 
 1.62950000e-09 -2.77858310e-02 
 1.63050000e-09 -2.77672084e-02 
 1.63150000e-09 -2.77485981e-02 
 1.63250000e-09 -2.77299999e-02 
 1.63350000e-09 -2.77114140e-02 
 1.63450000e-09 -2.76928402e-02 
 1.63550000e-09 -2.76742787e-02 
 1.63650000e-09 -2.76557293e-02 
 1.63750000e-09 -2.76371921e-02 
 1.63850000e-09 -2.76186671e-02 
 1.63950000e-09 -2.76001542e-02 
 1.64050000e-09 -2.75816536e-02 
 1.64150000e-09 -2.75631650e-02 
 1.64250000e-09 -2.75446886e-02 
 1.64350000e-09 -2.75262244e-02 
 1.64450000e-09 -2.75077723e-02 
 1.64550000e-09 -2.74893323e-02 
 1.64650000e-09 -2.74709045e-02 
 1.64750000e-09 -2.74524888e-02 
 1.64850000e-09 -2.74340852e-02 
 1.64950000e-09 -2.74156937e-02 
 1.65050000e-09 -2.73973143e-02 
 1.65150000e-09 -2.73789470e-02 
 1.65250000e-09 -2.73605918e-02 
 1.65350000e-09 -2.73422487e-02 
 1.65450000e-09 -2.73239176e-02 
 1.65550000e-09 -2.73055987e-02 
 1.65650000e-09 -2.72872918e-02 
 1.65750000e-09 -2.72689969e-02 
 1.65850000e-09 -2.72507141e-02 
 1.65950000e-09 -2.72324434e-02 
 1.66050000e-09 -2.72141847e-02 
 1.66150000e-09 -2.71959380e-02 
 1.66250000e-09 -2.71777034e-02 
 1.66350000e-09 -2.71594808e-02 
 1.66450000e-09 -2.71412702e-02 
 1.66550000e-09 -2.71230716e-02 
 1.66650000e-09 -2.71048850e-02 
 1.66750000e-09 -2.70867104e-02 
 1.66850000e-09 -2.70685478e-02 
 1.66950000e-09 -2.70503972e-02 
 1.67050000e-09 -2.70322586e-02 
 1.67150000e-09 -2.70141320e-02 
 1.67250000e-09 -2.69960173e-02 
 1.67350000e-09 -2.69779145e-02 
 1.67450000e-09 -2.69598238e-02 
 1.67550000e-09 -2.69417450e-02 
 1.67650000e-09 -2.69236781e-02 
 1.67750000e-09 -2.69056231e-02 
 1.67850000e-09 -2.68875801e-02 
 1.67950000e-09 -2.68695490e-02 
 1.68050000e-09 -2.68515298e-02 
 1.68150000e-09 -2.68335225e-02 
 1.68250000e-09 -2.68155272e-02 
 1.68350000e-09 -2.67975437e-02 
 1.68450000e-09 -2.67795721e-02 
 1.68550000e-09 -2.67616124e-02 
 1.68650000e-09 -2.67436646e-02 
 1.68750000e-09 -2.67257287e-02 
 1.68850000e-09 -2.67078046e-02 
 1.68950000e-09 -2.66898923e-02 
 1.69050000e-09 -2.66719920e-02 
 1.69150000e-09 -2.66541034e-02 
 1.69250000e-09 -2.66362267e-02 
 1.69350000e-09 -2.66183619e-02 
 1.69450000e-09 -2.66005088e-02 
 1.69550000e-09 -2.65826676e-02 
 1.69650000e-09 -2.65648382e-02 
 1.69750000e-09 -2.65470206e-02 
 1.69850000e-09 -2.65292148e-02 
 1.69950000e-09 -2.65114208e-02 
 1.70050000e-09 -2.64936386e-02 
 1.70150000e-09 -2.64758682e-02 
 1.70250000e-09 -2.64581095e-02 
 1.70350000e-09 -2.64403626e-02 
 1.70450000e-09 -2.64226275e-02 
 1.70550000e-09 -2.64049041e-02 
 1.70650000e-09 -2.63871924e-02 
 1.70750000e-09 -2.63694925e-02 
 1.70850000e-09 -2.63518044e-02 
 1.70950000e-09 -2.63341279e-02 
 1.71050000e-09 -2.63164632e-02 
 1.71150000e-09 -2.62988102e-02 
 1.71250000e-09 -2.62811689e-02 
 1.71350000e-09 -2.62635393e-02 
 1.71450000e-09 -2.62459214e-02 
 1.71550000e-09 -2.62283152e-02 
 1.71650000e-09 -2.62107207e-02 
 1.71750000e-09 -2.61931378e-02 
 1.71850000e-09 -2.61755666e-02 
 1.71950000e-09 -2.61580071e-02 
 1.72050000e-09 -2.61404592e-02 
 1.72150000e-09 -2.61229230e-02 
 1.72250000e-09 -2.61053984e-02 
 1.72350000e-09 -2.60878855e-02 
 1.72450000e-09 -2.60703841e-02 
 1.72550000e-09 -2.60528944e-02 
 1.72650000e-09 -2.60354163e-02 
 1.72750000e-09 -2.60179498e-02 
 1.72850000e-09 -2.60004950e-02 
 1.72950000e-09 -2.59830517e-02 
 1.73050000e-09 -2.59656200e-02 
 1.73150000e-09 -2.59481998e-02 
 1.73250000e-09 -2.59307913e-02 
 1.73350000e-09 -2.59133943e-02 
 1.73450000e-09 -2.58960089e-02 
 1.73550000e-09 -2.58786350e-02 
 1.73650000e-09 -2.58612727e-02 
 1.73750000e-09 -2.58439219e-02 
 1.73850000e-09 -2.58265827e-02 
 1.73950000e-09 -2.58092549e-02 
 1.74050000e-09 -2.57919387e-02 
 1.74150000e-09 -2.57746340e-02 
 1.74250000e-09 -2.57573409e-02 
 1.74350000e-09 -2.57400592e-02 
 1.74450000e-09 -2.57227890e-02 
 1.74550000e-09 -2.57055303e-02 
 1.74650000e-09 -2.56882830e-02 
 1.74750000e-09 -2.56710473e-02 
 1.74850000e-09 -2.56538230e-02 
 1.74950000e-09 -2.56366102e-02 
 1.75050000e-09 -2.56194088e-02 
 1.75150000e-09 -2.56022188e-02 
 1.75250000e-09 -2.55850404e-02 
 1.75350000e-09 -2.55678733e-02 
 1.75450000e-09 -2.55507176e-02 
 1.75550000e-09 -2.55335734e-02 
 1.75650000e-09 -2.55164406e-02 
 1.75750000e-09 -2.54993192e-02 
 1.75850000e-09 -2.54822092e-02 
 1.75950000e-09 -2.54651106e-02 
 1.76050000e-09 -2.54480233e-02 
 1.76150000e-09 -2.54309475e-02 
 1.76250000e-09 -2.54138830e-02 
 1.76350000e-09 -2.53968299e-02 
 1.76450000e-09 -2.53797881e-02 
 1.76550000e-09 -2.53627577e-02 
 1.76650000e-09 -2.53457386e-02 
 1.76750000e-09 -2.53287309e-02 
 1.76850000e-09 -2.53117344e-02 
 1.76950000e-09 -2.52947494e-02 
 1.77050000e-09 -2.52777756e-02 
 1.77150000e-09 -2.52608131e-02 
 1.77250000e-09 -2.52438619e-02 
 1.77350000e-09 -2.52269221e-02 
 1.77450000e-09 -2.52099935e-02 
 1.77550000e-09 -2.51930762e-02 
 1.77650000e-09 -2.51761702e-02 
 1.77750000e-09 -2.51592754e-02 
 1.77850000e-09 -2.51423919e-02 
 1.77950000e-09 -2.51255197e-02 
 1.78050000e-09 -2.51086587e-02 
 1.78150000e-09 -2.50918089e-02 
 1.78250000e-09 -2.50749704e-02 
 1.78350000e-09 -2.50581431e-02 
 1.78450000e-09 -2.50413270e-02 
 1.78550000e-09 -2.50245221e-02 
 1.78650000e-09 -2.50077285e-02 
 1.78750000e-09 -2.49909460e-02 
 1.78850000e-09 -2.49741747e-02 
 1.78950000e-09 -2.49574147e-02 
 1.79050000e-09 -2.49406658e-02 
 1.79150000e-09 -2.49239280e-02 
 1.79250000e-09 -2.49072014e-02 
 1.79350000e-09 -2.48904860e-02 
 1.79450000e-09 -2.48737818e-02 
 1.79550000e-09 -2.48570886e-02 
 1.79650000e-09 -2.48404067e-02 
 1.79750000e-09 -2.48237358e-02 
 1.79850000e-09 -2.48070761e-02 
 1.79950000e-09 -2.47904275e-02 
 1.80050000e-09 -2.47737900e-02 
 1.80150000e-09 -2.47571636e-02 
 1.80250000e-09 -2.47405483e-02 
 1.80350000e-09 -2.47239440e-02 
 1.80450000e-09 -2.47073509e-02 
 1.80550000e-09 -2.46907689e-02 
 1.80650000e-09 -2.46741979e-02 
 1.80750000e-09 -2.46576379e-02 
 1.80850000e-09 -2.46410891e-02 
 1.80950000e-09 -2.46245512e-02 
 1.81050000e-09 -2.46080244e-02 
 1.81150000e-09 -2.45915087e-02 
 1.81250000e-09 -2.45750040e-02 
 1.81350000e-09 -2.45585103e-02 
 1.81450000e-09 -2.45420276e-02 
 1.81550000e-09 -2.45255559e-02 
 1.81650000e-09 -2.45090952e-02 
 1.81750000e-09 -2.44926455e-02 
 1.81850000e-09 -2.44762068e-02 
 1.81950000e-09 -2.44597791e-02 
 1.82050000e-09 -2.44433623e-02 
 1.82150000e-09 -2.44269565e-02 
 1.82250000e-09 -2.44105617e-02 
 1.82350000e-09 -2.43941778e-02 
 1.82450000e-09 -2.43778048e-02 
 1.82550000e-09 -2.43614428e-02 
 1.82650000e-09 -2.43450918e-02 
 1.82750000e-09 -2.43287516e-02 
 1.82850000e-09 -2.43124224e-02 
 1.82950000e-09 -2.42961041e-02 
 1.83050000e-09 -2.42797967e-02 
 1.83150000e-09 -2.42635001e-02 
 1.83250000e-09 -2.42472145e-02 
 1.83350000e-09 -2.42309398e-02 
 1.83450000e-09 -2.42146759e-02 
 1.83550000e-09 -2.41984229e-02 
 1.83650000e-09 -2.41821807e-02 
 1.83750000e-09 -2.41659495e-02 
 1.83850000e-09 -2.41497290e-02 
 1.83950000e-09 -2.41335194e-02 
 1.84050000e-09 -2.41173207e-02 
 1.84150000e-09 -2.41011327e-02 
 1.84250000e-09 -2.40849556e-02 
 1.84350000e-09 -2.40687893e-02 
 1.84450000e-09 -2.40526338e-02 
 1.84550000e-09 -2.40364891e-02 
 1.84650000e-09 -2.40203552e-02 
 1.84750000e-09 -2.40042321e-02 
 1.84850000e-09 -2.39881198e-02 
 1.84950000e-09 -2.39720182e-02 
 1.85050000e-09 -2.39559274e-02 
 1.85150000e-09 -2.39398474e-02 
 1.85250000e-09 -2.39237781e-02 
 1.85350000e-09 -2.39077196e-02 
 1.85450000e-09 -2.38916718e-02 
 1.85550000e-09 -2.38756347e-02 
 1.85650000e-09 -2.38596084e-02 
 1.85750000e-09 -2.38435927e-02 
 1.85850000e-09 -2.38275878e-02 
 1.85950000e-09 -2.38115936e-02 
 1.86050000e-09 -2.37956101e-02 
 1.86150000e-09 -2.37796373e-02 
 1.86250000e-09 -2.37636752e-02 
 1.86350000e-09 -2.37477237e-02 
 1.86450000e-09 -2.37317829e-02 
 1.86550000e-09 -2.37158528e-02 
 1.86650000e-09 -2.36999333e-02 
 1.86750000e-09 -2.36840245e-02 
 1.86850000e-09 -2.36681263e-02 
 1.86950000e-09 -2.36522388e-02 
 1.87050000e-09 -2.36363619e-02 
 1.87150000e-09 -2.36204956e-02 
 1.87250000e-09 -2.36046399e-02 
 1.87350000e-09 -2.35887949e-02 
 1.87450000e-09 -2.35729604e-02 
 1.87550000e-09 -2.35571365e-02 
 1.87650000e-09 -2.35413233e-02 
 1.87750000e-09 -2.35255206e-02 
 1.87850000e-09 -2.35097284e-02 
 1.87950000e-09 -2.34939469e-02 
 1.88050000e-09 -2.34781759e-02 
 1.88150000e-09 -2.34624155e-02 
 1.88250000e-09 -2.34466656e-02 
 1.88350000e-09 -2.34309262e-02 
 1.88450000e-09 -2.34151974e-02 
 1.88550000e-09 -2.33994791e-02 
 1.88650000e-09 -2.33837714e-02 
 1.88750000e-09 -2.33680741e-02 
 1.88850000e-09 -2.33523874e-02 
 1.88950000e-09 -2.33367111e-02 
 1.89050000e-09 -2.33210454e-02 
 1.89150000e-09 -2.33053901e-02 
 1.89250000e-09 -2.32897453e-02 
 1.89350000e-09 -2.32741110e-02 
 1.89450000e-09 -2.32584872e-02 
 1.89550000e-09 -2.32428738e-02 
 1.89650000e-09 -2.32272709e-02 
 1.89750000e-09 -2.32116784e-02 
 1.89850000e-09 -2.31960963e-02 
 1.89950000e-09 -2.31805247e-02 
 1.90050000e-09 -2.31649636e-02 
 1.90150000e-09 -2.31494128e-02 
 1.90250000e-09 -2.31338724e-02 
 1.90350000e-09 -2.31183425e-02 
 1.90450000e-09 -2.31028229e-02 
 1.90550000e-09 -2.30873138e-02 
 1.90650000e-09 -2.30718150e-02 
 1.90750000e-09 -2.30563266e-02 
 1.90850000e-09 -2.30408486e-02 
 1.90950000e-09 -2.30253809e-02 
 1.91050000e-09 -2.30099236e-02 
 1.91150000e-09 -2.29944767e-02 
 1.91250000e-09 -2.29790401e-02 
 1.91350000e-09 -2.29636138e-02 
 1.91450000e-09 -2.29481979e-02 
 1.91550000e-09 -2.29327923e-02 
 1.91650000e-09 -2.29173970e-02 
 1.91750000e-09 -2.29020120e-02 
 1.91850000e-09 -2.28866373e-02 
 1.91950000e-09 -2.28712730e-02 
 1.92050000e-09 -2.28559189e-02 
 1.92150000e-09 -2.28405751e-02 
 1.92250000e-09 -2.28252416e-02 
 1.92350000e-09 -2.28099183e-02 
 1.92450000e-09 -2.27946053e-02 
 1.92550000e-09 -2.27793026e-02 
 1.92650000e-09 -2.27640101e-02 
 1.92750000e-09 -2.27487279e-02 
 1.92850000e-09 -2.27334559e-02 
 1.92950000e-09 -2.27181941e-02 
 1.93050000e-09 -2.27029426e-02 
 1.93150000e-09 -2.26877013e-02 
 1.93250000e-09 -2.26724702e-02 
 1.93350000e-09 -2.26572493e-02 
 1.93450000e-09 -2.26420385e-02 
 1.93550000e-09 -2.26268380e-02 
 1.93650000e-09 -2.26116477e-02 
 1.93750000e-09 -2.25964675e-02 
 1.93850000e-09 -2.25812976e-02 
 1.93950000e-09 -2.25661377e-02 
 1.94050000e-09 -2.25509881e-02 
 1.94150000e-09 -2.25358486e-02 
 1.94250000e-09 -2.25207192e-02 
 1.94350000e-09 -2.25056000e-02 
 1.94450000e-09 -2.24904909e-02 
 1.94550000e-09 -2.24753919e-02 
 1.94650000e-09 -2.24603031e-02 
 1.94750000e-09 -2.24452243e-02 
 1.94850000e-09 -2.24301557e-02 
 1.94950000e-09 -2.24150972e-02 
 1.95050000e-09 -2.24000487e-02 
 1.95150000e-09 -2.23850104e-02 
 1.95250000e-09 -2.23699821e-02 
 1.95350000e-09 -2.23549639e-02 
 1.95450000e-09 -2.23399557e-02 
 1.95550000e-09 -2.23249576e-02 
 1.95650000e-09 -2.23099696e-02 
 1.95750000e-09 -2.22949916e-02 
 1.95850000e-09 -2.22800237e-02 
 1.95950000e-09 -2.22650657e-02 
 1.96050000e-09 -2.22501178e-02 
 1.96150000e-09 -2.22351800e-02 
 1.96250000e-09 -2.22202521e-02 
 1.96350000e-09 -2.22053343e-02 
 1.96450000e-09 -2.21904264e-02 
 1.96550000e-09 -2.21755285e-02 
 1.96650000e-09 -2.21606407e-02 
 1.96750000e-09 -2.21457628e-02 
 1.96850000e-09 -2.21308948e-02 
 1.96950000e-09 -2.21160369e-02 
 1.97050000e-09 -2.21011889e-02 
 1.97150000e-09 -2.20863508e-02 
 1.97250000e-09 -2.20715227e-02 
 1.97350000e-09 -2.20567046e-02 
 1.97450000e-09 -2.20418964e-02 
 1.97550000e-09 -2.20270981e-02 
 1.97650000e-09 -2.20123097e-02 
 1.97750000e-09 -2.19975312e-02 
 1.97850000e-09 -2.19827627e-02 
 1.97950000e-09 -2.19680040e-02 
 1.98050000e-09 -2.19532553e-02 
 1.98150000e-09 -2.19385164e-02 
 1.98250000e-09 -2.19237874e-02 
 1.98350000e-09 -2.19090683e-02 
 1.98450000e-09 -2.18943591e-02 
 1.98550000e-09 -2.18796597e-02 
 1.98650000e-09 -2.18649702e-02 
 1.98750000e-09 -2.18502905e-02 
 1.98850000e-09 -2.18356206e-02 
 1.98950000e-09 -2.18209606e-02 
 1.99050000e-09 -2.18063105e-02 
 1.99150000e-09 -2.17916701e-02 
 1.99250000e-09 -2.17770396e-02 
 1.99350000e-09 -2.17624189e-02 
 1.99450000e-09 -2.17478080e-02 
 1.99550000e-09 -2.17332068e-02 
 1.99650000e-09 -2.17186155e-02 
 1.99750000e-09 -2.17040340e-02 
 1.99850000e-09 -2.16894622e-02 
 1.99925000e-09 -2.16785398e-02 
 2.00000000e-09 -2.16676229e-02 
