 1.00000000e+07 -1.95868650e+01 
 1.25892541e+07 -1.95836484e+01 
 1.58489319e+07 -1.95786004e+01 
 1.99526231e+07 -1.95707233e+01 
 2.51188643e+07 -1.95585397e+01 
 3.16227766e+07 -1.95399499e+01 
 3.98107171e+07 -1.95121671e+01 
 5.01187234e+07 -1.94719037e+01 
 6.30957344e+07 -1.94160798e+01 
 7.94328235e+07 -1.93432480e+01 
 1.00000000e+08 -1.92554036e+01 
 1.25892541e+08 -1.91589437e+01 
 1.58489319e+08 -1.90633338e+01 
 1.99526231e+08 -1.89776863e+01 
 2.51188643e+08 -1.89075853e+01 
 3.16227766e+08 -1.88542153e+01 
 3.98107171e+08 -1.88155834e+01 
 5.01187234e+08 -1.87882987e+01 
 6.30957344e+08 -1.87688291e+01 
 7.94328235e+08 -1.87540278e+01 
 1.00000000e+09 -1.87411449e+01 
 1.25892541e+09 -1.87279644e+01 
 1.58489319e+09 -1.87108561e+01 
 1.99526231e+09 -1.86869293e+01 
 2.51188643e+09 -1.86510765e+01 
 3.16227766e+09 -1.85960022e+01 
 3.98107171e+09 -1.85109849e+01 
 5.01187234e+09 -1.83801604e+01 
 6.30957344e+09 -1.81816547e+01 
 7.94328235e+09 -1.78859694e+01 
 1.00000000e+10 -1.74588248e+01 
