 0.00000000e+00 -3.24881906e-03 
 2.00000000e-14 -3.62821368e-03 
 4.00000000e-14 -3.97566618e-03 
 8.00000000e-14 -4.61779642e-03 
 1.60000000e-13 -5.67572316e-03 
 3.20000000e-13 -7.35109114e-03 
 6.40000000e-13 -9.97597777e-03 
 1.28000000e-12 -1.36987109e-02 
 2.56000000e-12 -1.72488810e-02 
 4.56000000e-12 -1.70991945e-02 
 6.56000000e-12 -1.38979202e-02 
 8.28000000e-12 -1.03271451e-02 
 1.00000000e-11 -6.48447919e-03 
 1.02000000e-11 -3.44289963e-03 
 1.06000000e-11  1.34357013e-03 
 1.14000000e-11  7.66731210e-03 
 1.30000000e-11  1.50604113e-02 
 1.50000000e-11  1.85358774e-02 
 1.70000000e-11  1.97488421e-02 
 1.90000000e-11  2.00612552e-02 
 2.10000000e-11  2.02252347e-02 
 2.30000000e-11  2.02178295e-02 
 2.50000000e-11  2.02598974e-02 
 2.70000000e-11  2.02285994e-02 
 2.90000000e-11  2.02500167e-02 
 3.10000000e-11  2.02231257e-02 
 3.30000000e-11  2.02367452e-02 
 3.50000000e-11  2.02153487e-02 
 3.70000000e-11  2.02240699e-02 
 3.90000000e-11  2.02069591e-02 
 4.10000000e-11  2.02121889e-02 
 4.30000000e-11  2.01982882e-02 
 4.50000000e-11  2.02009693e-02 
 4.70000000e-11  2.01894746e-02 
 4.90000000e-11  2.01902862e-02 
 5.10000000e-11  2.01806034e-02 
 5.30000000e-11  2.01800441e-02 
 5.50000000e-11  2.01717323e-02 
 5.70000000e-11  2.01701707e-02 
 5.90000000e-11  2.01629005e-02 
 6.10000000e-11  2.01606104e-02 
 6.30000000e-11  2.01541346e-02 
 6.50000000e-11  2.01513197e-02 
 6.70000000e-11  2.01454523e-02 
 6.90000000e-11  2.01422642e-02 
 7.10000000e-11  2.01368648e-02 
 7.30000000e-11  2.01334163e-02 
 7.50000000e-11  2.01283789e-02 
 7.70000000e-11  2.01247533e-02 
 7.90000000e-11  2.01199979e-02 
 8.10000000e-11  2.01162569e-02 
 8.30000000e-11  2.01117228e-02 
 8.50000000e-11  2.01079115e-02 
 8.70000000e-11  2.01035529e-02 
 8.90000000e-11  2.00997042e-02 
 9.10000000e-11  2.00954863e-02 
 9.30000000e-11  2.00916239e-02 
 9.50000000e-11  2.00875204e-02 
 9.70000000e-11  2.00836611e-02 
 9.90000000e-11  2.00796518e-02 
 1.01000000e-10  2.00758075e-02 
 1.03000000e-10  2.00718771e-02 
 1.05000000e-10  2.00680558e-02 
 1.07000000e-10  2.00641927e-02 
 1.09000000e-10  2.00603996e-02 
 1.11000000e-10  2.00565947e-02 
 1.13000000e-10  2.00528331e-02 
 1.15000000e-10  2.00490794e-02 
 1.17000000e-10  2.00453511e-02 
 1.19000000e-10  2.00416432e-02 
 1.21000000e-10  2.00379490e-02 
 1.23000000e-10  2.00342825e-02 
 1.25000000e-10  2.00306224e-02 
 1.27000000e-10  2.00269939e-02 
 1.29000000e-10  2.00233675e-02 
 1.31000000e-10  2.00197742e-02 
 1.33000000e-10  2.00161807e-02 
 1.35000000e-10  2.00126202e-02 
 1.37000000e-10  2.00090587e-02 
 1.39000000e-10  2.00055291e-02 
 1.41000000e-10  2.00019984e-02 
 1.43000000e-10  1.99984980e-02 
 1.45000000e-10  1.99949970e-02 
 1.47000000e-10  1.99915243e-02 
 1.49000000e-10  1.99880518e-02 
 1.51000000e-10  1.99846056e-02 
 1.53000000e-10  1.99811605e-02 
 1.55000000e-10  1.99777395e-02 
 1.57000000e-10  1.99743207e-02 
 1.59000000e-10  1.99709240e-02 
 1.61000000e-10  1.99675303e-02 
 1.63000000e-10  1.99641569e-02 
 1.65000000e-10  1.99607874e-02 
 1.67000000e-10  1.99574364e-02 
 1.69000000e-10  1.99540900e-02 
 1.71000000e-10  1.99507607e-02 
 1.73000000e-10  1.99474365e-02 
 1.75000000e-10  1.99441280e-02 
 1.77000000e-10  1.99408252e-02 
 1.79000000e-10  1.99375369e-02 
 1.81000000e-10  1.99342547e-02 
 1.83000000e-10  1.99309859e-02 
 1.85000000e-10  1.99277235e-02 
 1.87000000e-10  1.99244736e-02 
 1.89000000e-10  1.99212303e-02 
 1.91000000e-10  1.99179986e-02 
 1.93000000e-10  1.99147738e-02 
 1.95000000e-10  1.99115599e-02 
 1.97000000e-10  1.99083529e-02 
 1.99000000e-10  1.99051563e-02 
 2.00780000e-10  1.99023169e-02 
 2.02560000e-10  1.98994856e-02 
 2.02760000e-10  1.98991676e-02 
 2.03160000e-10  1.98985322e-02 
 2.03960000e-10  1.98972626e-02 
 2.05560000e-10  1.98947272e-02 
 2.07560000e-10  1.98915653e-02 
 2.08780000e-10  1.98896404e-02 
 2.10000000e-10  1.98877185e-02 
 2.10200000e-10  2.24744305e-02 
 2.10600000e-10  2.68728892e-02 
 2.11400000e-10  3.27733019e-02 
 2.13000000e-10  3.77860005e-02 
 2.15000000e-10  3.72050961e-02 
 2.17000000e-10  3.38110970e-02 
 2.18500000e-10  3.05970737e-02 
 2.20000000e-10  2.72624695e-02 
 2.20100000e-10  2.55201144e-02 
 2.20300000e-10  2.26519928e-02 
 2.20650000e-10  1.90089300e-02 
 2.21000000e-10  1.59786117e-02 
 2.21070000e-10  1.54525805e-02 
 2.21210000e-10  1.44351190e-02 
 2.21490000e-10  1.26024871e-02 
 2.22050000e-10  9.63683929e-03 
 2.23170000e-10  5.71562463e-03 
 2.25170000e-10  2.45839737e-03 
 2.27170000e-10  1.44009938e-03 
 2.29170000e-10  1.12849826e-03 
 2.31170000e-10  1.04004446e-03 
 2.33170000e-10  1.02180680e-03 
 2.35170000e-10  1.02588100e-03 
 2.37170000e-10  1.03683248e-03 
 2.39170000e-10  1.05007439e-03 
 2.41170000e-10  1.06389658e-03 
 2.43170000e-10  1.07799829e-03 
 2.45170000e-10  1.09206654e-03 
 2.47170000e-10  1.10620129e-03 
 2.49170000e-10  1.12025335e-03 
 2.51170000e-10  1.13434016e-03 
 2.53170000e-10  1.14834946e-03 
 2.55170000e-10  1.16238154e-03 
 2.57170000e-10  1.17634509e-03 
 2.59170000e-10  1.19032293e-03 
 2.61170000e-10  1.20424020e-03 
 2.63170000e-10  1.21816487e-03 
 2.65170000e-10  1.23203565e-03 
 2.67170000e-10  1.24590817e-03 
 2.69170000e-10  1.25973237e-03 
 2.71170000e-10  1.27355366e-03 
 2.73170000e-10  1.28733124e-03 
 2.75170000e-10  1.30110212e-03 
 2.77170000e-10  1.31483311e-03 
 2.79170000e-10  1.32855431e-03 
 2.81170000e-10  1.34223877e-03 
 2.83170000e-10  1.35591096e-03 
 2.85170000e-10  1.36954901e-03 
 2.87170000e-10  1.38317276e-03 
 2.89170000e-10  1.39676454e-03 
 2.91170000e-10  1.41034041e-03 
 2.93170000e-10  1.42388608e-03 
 2.95170000e-10  1.43741455e-03 
 2.97170000e-10  1.45091430e-03 
 2.99170000e-10  1.46439582e-03 
 3.01170000e-10  1.47784984e-03 
 3.03170000e-10  1.49128482e-03 
 3.05170000e-10  1.50469332e-03 
 3.07170000e-10  1.51808216e-03 
 3.09170000e-10  1.53144535e-03 
 3.11170000e-10  1.54478839e-03 
 3.13170000e-10  1.55810649e-03 
 3.15170000e-10  1.57140407e-03 
 3.17170000e-10  1.58467730e-03 
 3.19170000e-10  1.59792973e-03 
 3.21170000e-10  1.61115831e-03 
 3.23170000e-10  1.62436590e-03 
 3.25170000e-10  1.63755005e-03 
 3.27170000e-10  1.65071307e-03 
 3.29170000e-10  1.66385301e-03 
 3.31170000e-10  1.67697173e-03 
 3.33170000e-10  1.69006768e-03 
 3.35170000e-10  1.70314236e-03 
 3.37170000e-10  1.71619454e-03 
 3.39170000e-10  1.72922541e-03 
 3.41170000e-10  1.74223403e-03 
 3.43170000e-10  1.75522134e-03 
 3.45170000e-10  1.76818660e-03 
 3.47170000e-10  1.78113058e-03 
 3.49170000e-10  1.79405269e-03 
 3.51170000e-10  1.80695356e-03 
 3.53170000e-10  1.81983272e-03 
 3.55170000e-10  1.83269069e-03 
 3.57170000e-10  1.84552710e-03 
 3.59170000e-10  1.85834237e-03 
 3.61170000e-10  1.87113623e-03 
 3.63170000e-10  1.88390901e-03 
 3.65170000e-10  1.89666050e-03 
 3.67170000e-10  1.90939098e-03 
 3.69170000e-10  1.92210029e-03 
 3.71170000e-10  1.93478867e-03 
 3.73170000e-10  1.94745599e-03 
 3.75170000e-10  1.96010244e-03 
 3.77170000e-10  1.97272795e-03 
 3.79170000e-10  1.98533267e-03 
 3.81170000e-10  1.99791654e-03 
 3.83000000e-10  2.00941264e-03 
 3.83200000e-10  2.01066788e-03 
 3.83600000e-10  2.01317795e-03 
 3.84400000e-10  2.01819563e-03 
 3.86000000e-10  2.02822105e-03 
 3.88000000e-10  2.04073425e-03 
 3.90000000e-10  2.05322683e-03 
 3.92000000e-10  2.06569886e-03 
 3.94000000e-10  2.07815036e-03 
 3.96000000e-10  2.09058138e-03 
 3.98000000e-10  2.10299195e-03 
 4.00000000e-10  2.11541046e-03 
 4.01580000e-10  2.12526505e-03 
 4.03160000e-10  2.13513217e-03 
 4.03360000e-10  2.13637791e-03 
 4.03760000e-10  2.13886675e-03 
 4.04560000e-10  2.14382900e-03 
 4.06160000e-10  2.15369857e-03 
 4.08160000e-10  2.16595789e-03 
 4.10000000e-10  2.17718780e-03 
 4.10200000e-10  2.17839942e-03 
 4.10600000e-10  2.18081490e-03 
 4.11400000e-10  2.18562244e-03 
 4.13000000e-10  2.19522940e-03 
 4.13160000e-10  2.19619132e-03 
 4.13480000e-10  2.19811620e-03 
 4.14120000e-10  2.20197233e-03 
 4.15400000e-10  2.20971076e-03 
 4.17400000e-10  2.22184766e-03 
 4.19400000e-10  2.23400759e-03 
 4.20445000e-10  2.24036250e-03 
 4.21490000e-10  2.24671482e-03 
 4.21690000e-10  2.24793014e-03 
 4.22090000e-10  2.25036050e-03 
 4.22890000e-10  2.25521951e-03 
 4.24490000e-10  2.26492955e-03 
 4.26490000e-10  2.27705052e-03 
 4.28490000e-10  2.28915238e-03 
 4.29830000e-10  2.29724968e-03 
 4.31170000e-10  2.30533824e-03 
 4.31370000e-10  2.30654465e-03 
 4.31770000e-10  2.30895706e-03 
 4.32570000e-10  2.31377947e-03 
 4.34170000e-10  2.32341473e-03 
 4.36170000e-10  2.33544118e-03 
 4.38170000e-10  2.34744796e-03 
 4.40170000e-10  2.35943512e-03 
 4.42170000e-10  2.37140267e-03 
 4.44170000e-10  2.38335067e-03 
 4.46170000e-10  2.39527914e-03 
 4.48170000e-10  2.40718811e-03 
 4.50170000e-10  2.41907764e-03 
 4.52170000e-10  2.43094774e-03 
 4.54170000e-10  2.44279846e-03 
 4.56170000e-10  2.45462982e-03 
 4.58170000e-10  2.46644186e-03 
 4.60170000e-10  2.47823462e-03 
 4.62170000e-10  2.49000814e-03 
 4.64170000e-10  2.50176243e-03 
 4.66170000e-10  2.51349755e-03 
 4.68170000e-10  2.52521351e-03 
 4.70170000e-10  2.53691037e-03 
 4.72170000e-10  2.54858813e-03 
 4.74170000e-10  2.56024686e-03 
 4.76170000e-10  2.57188656e-03 
 4.78170000e-10  2.58350729e-03 
 4.80170000e-10  2.59510906e-03 
 4.82170000e-10  2.60669192e-03 
 4.84170000e-10  2.61825589e-03 
 4.86170000e-10  2.62980102e-03 
 4.88170000e-10  2.64132732e-03 
 4.90170000e-10  2.65283484e-03 
 4.92170000e-10  2.66432360e-03 
 4.94170000e-10  2.67579364e-03 
 4.96170000e-10  2.68724499e-03 
 4.98170000e-10  2.69867767e-03 
 5.00170000e-10  2.71009174e-03 
 5.02170000e-10  2.72148720e-03 
 5.04170000e-10  2.73286411e-03 
 5.06170000e-10  2.74422248e-03 
 5.07670000e-10  2.75272911e-03 
 5.09170000e-10  2.76122535e-03 
 5.09370000e-10  2.76235731e-03 
 5.09770000e-10  2.76462085e-03 
 5.10570000e-10  2.76914572e-03 
 5.12170000e-10  2.77818661e-03 
 5.14170000e-10  2.78947117e-03 
 5.16170000e-10  2.80073735e-03 
 5.18170000e-10  2.81198518e-03 
 5.20170000e-10  2.82321470e-03 
 5.22170000e-10  2.83442593e-03 
 5.24170000e-10  2.84561891e-03 
 5.26170000e-10  2.85679367e-03 
 5.28170000e-10  2.86795024e-03 
 5.30170000e-10  2.87908864e-03 
 5.32170000e-10  2.89020892e-03 
 5.34170000e-10  2.90131109e-03 
 5.36170000e-10  2.91239519e-03 
 5.38170000e-10  2.92346125e-03 
 5.40170000e-10  2.93450930e-03 
 5.42170000e-10  2.94553937e-03 
 5.44170000e-10  2.95655149e-03 
 5.46170000e-10  2.96754569e-03 
 5.48170000e-10  2.97852200e-03 
 5.50170000e-10  2.98948044e-03 
 5.52170000e-10  3.00042106e-03 
 5.54170000e-10  3.01134387e-03 
 5.56170000e-10  3.02224891e-03 
 5.58170000e-10  3.03313621e-03 
 5.60170000e-10  3.04400579e-03 
 5.62170000e-10  3.05485769e-03 
 5.64170000e-10  3.06569194e-03 
 5.66170000e-10  3.07650855e-03 
 5.68170000e-10  3.08730757e-03 
 5.70170000e-10  3.09808903e-03 
 5.72170000e-10  3.10885294e-03 
 5.74170000e-10  3.11959934e-03 
 5.76170000e-10  3.13032827e-03 
 5.78170000e-10  3.14103974e-03 
 5.80170000e-10  3.15173378e-03 
 5.81885000e-10  3.16089007e-03 
 5.83600000e-10  3.17003359e-03 
 5.83800000e-10  3.17109897e-03 
 5.84200000e-10  3.17322939e-03 
 5.85000000e-10  3.17748814e-03 
 5.86600000e-10  3.18599734e-03 
 5.88600000e-10  3.19661826e-03 
 5.90600000e-10  3.20722191e-03 
 5.92600000e-10  3.21780831e-03 
 5.94600000e-10  3.22837749e-03 
 5.96600000e-10  3.23892948e-03 
 5.98600000e-10  3.24946432e-03 
 6.00600000e-10  3.25998202e-03 
 6.01980000e-10  3.26722925e-03 
 6.03360000e-10  3.27446836e-03 
 6.03560000e-10  3.27551674e-03 
 6.03960000e-10  3.27761317e-03 
 6.04760000e-10  3.28180398e-03 
 6.06360000e-10  3.29017743e-03 
 6.08180000e-10  3.29968898e-03 
 6.10000000e-10  3.30918645e-03 
 6.10200000e-10  3.31022232e-03 
 6.10600000e-10  2.78661511e-03 
 6.11400000e-10  1.36042607e-03 
 6.12440000e-10  3.48660964e-04 
 6.13480000e-10 -3.07214885e-04 
 6.13544000e-10 -3.27677622e-04 
 6.13672000e-10 -3.72293651e-04 
 6.13896000e-10 -4.53618034e-04 
 6.14120000e-10 -5.27444223e-04 
 6.14164800e-10 -5.41048036e-04 
 6.14254400e-10 -5.67652520e-04 
 6.14433600e-10 -6.17362642e-04 
 6.14792000e-10 -7.04170890e-04 
 6.15508800e-10 -8.37178516e-04 
 6.16942400e-10 -9.95847211e-04 
 6.18942400e-10 -1.08916066e-03 
 6.20216200e-10 -1.11190882e-03 
 6.21490000e-10 -1.12430702e-03 
 6.21690000e-10 -1.12560564e-03 
 6.22090000e-10 -1.12801754e-03 
 6.22890000e-10 -1.13192356e-03 
 6.24490000e-10 -1.13743280e-03 
 6.26490000e-10 -1.14210148e-03 
 6.28160000e-10 -1.14524832e-03 
 6.29830000e-10 -1.14817175e-03 
 6.30030000e-10 -1.14851342e-03 
 6.30430000e-10 -1.14919504e-03 
 6.31230000e-10 -1.15054967e-03 
 6.32830000e-10 -1.15323631e-03 
 6.34830000e-10 -1.15657045e-03 
 6.36830000e-10 -1.15989118e-03 
 6.38830000e-10 -1.16320406e-03 
 6.40830000e-10 -1.16651079e-03 
 6.42830000e-10 -1.16981190e-03 
 6.44830000e-10 -1.17310758e-03 
 6.46830000e-10 -1.17639788e-03 
 6.48830000e-10 -1.17968281e-03 
 6.50830000e-10 -1.18296240e-03 
 6.52830000e-10 -1.18623666e-03 
 6.54830000e-10 -1.18950559e-03 
 6.56830000e-10 -1.19276920e-03 
 6.58830000e-10 -1.19602751e-03 
 6.60830000e-10 -1.19928052e-03 
 6.62830000e-10 -1.20252824e-03 
 6.64830000e-10 -1.20577067e-03 
 6.66830000e-10 -1.20900784e-03 
 6.68830000e-10 -1.21223973e-03 
 6.70830000e-10 -1.21546638e-03 
 6.72830000e-10 -1.21868778e-03 
 6.74830000e-10 -1.22190393e-03 
 6.76830000e-10 -1.22511486e-03 
 6.78830000e-10 -1.22832057e-03 
 6.80830000e-10 -1.23152107e-03 
 6.82830000e-10 -1.23471636e-03 
 6.84830000e-10 -1.23790646e-03 
 6.86830000e-10 -1.24109137e-03 
 6.88830000e-10 -1.24427110e-03 
 6.90830000e-10 -1.24744566e-03 
 6.92830000e-10 -1.25061506e-03 
 6.94500000e-10 -1.25325756e-03 
 6.96170000e-10 -1.25589647e-03 
 6.96370000e-10 -1.25621224e-03 
 6.96770000e-10 -1.25684368e-03 
 6.97570000e-10 -1.25810595e-03 
 6.99170000e-10 -1.26062801e-03 
 7.01170000e-10 -1.26377598e-03 
 7.03170000e-10 -1.26691883e-03 
 7.05170000e-10 -1.27005657e-03 
 7.07170000e-10 -1.27318921e-03 
 7.08470000e-10 -1.27522269e-03 
 7.09770000e-10 -1.27725403e-03 
 7.09970000e-10 -1.27756633e-03 
 7.10370000e-10 -1.27819082e-03 
 7.11170000e-10 -1.27943919e-03 
 7.12770000e-10 -1.28193351e-03 
 7.14770000e-10 -1.28504684e-03 
 7.16770000e-10 -1.28815511e-03 
 7.18770000e-10 -1.29125833e-03 
 7.20770000e-10 -1.29435650e-03 
 7.22770000e-10 -1.29744963e-03 
 7.24770000e-10 -1.30053774e-03 
 7.26770000e-10 -1.30362083e-03 
 7.28770000e-10 -1.30669890e-03 
 7.30770000e-10 -1.30977198e-03 
 7.32770000e-10 -1.31284005e-03 
 7.34770000e-10 -1.31590314e-03 
 7.36770000e-10 -1.31896125e-03 
 7.38770000e-10 -1.32201439e-03 
 7.40770000e-10 -1.32506256e-03 
 7.42770000e-10 -1.32810578e-03 
 7.44770000e-10 -1.33114406e-03 
 7.46770000e-10 -1.33417739e-03 
 7.48770000e-10 -1.33720580e-03 
 7.50770000e-10 -1.34022928e-03 
 7.52770000e-10 -1.34324784e-03 
 7.54770000e-10 -1.34626150e-03 
 7.56770000e-10 -1.34927027e-03 
 7.58770000e-10 -1.35227414e-03 
 7.60770000e-10 -1.35527312e-03 
 7.62770000e-10 -1.35826724e-03 
 7.64770000e-10 -1.36125648e-03 
 7.66770000e-10 -1.36424087e-03 
 7.68770000e-10 -1.36722041e-03 
 7.70770000e-10 -1.37019510e-03 
 7.72770000e-10 -1.37316496e-03 
 7.74770000e-10 -1.37612999e-03 
 7.76770000e-10 -1.37909020e-03 
 7.78770000e-10 -1.38204560e-03 
 7.80770000e-10 -1.38499620e-03 
 7.82770000e-10 -1.38794200e-03 
 7.84770000e-10 -1.39088301e-03 
 7.86770000e-10 -1.39381924e-03 
 7.88770000e-10 -1.39675070e-03 
 7.90770000e-10 -1.39967739e-03 
 7.92770000e-10 -1.40259933e-03 
 7.94770000e-10 -1.40551652e-03 
 7.96770000e-10 -1.40842921e-03 
 7.98770000e-10 -1.41134461e-03 
 8.00770000e-10 -1.41430124e-03 
 8.02165000e-10 -1.41640791e-03 
 8.03560000e-10 -1.41851529e-03 
 8.03760000e-10 -1.41881378e-03 
 8.04160000e-10 -1.41940848e-03 
 8.04960000e-10 -1.42058478e-03 
 8.06560000e-10 -1.42289312e-03 
 8.08280000e-10 -1.42532732e-03 
 8.10000000e-10 -1.42773457e-03 
 8.10200000e-10 -1.42800645e-03 
 8.10600000e-10 -1.42854280e-03 
 8.11400000e-10 -1.42959399e-03 
 8.12440000e-10 -1.43095375e-03 
 8.12544000e-10 -1.44841649e-03 
 8.12752000e-10 -1.52078469e-03 
 8.13116000e-10 -1.83811239e-03 
 8.13480000e-10 -2.43177621e-03 
 8.13521600e-10 -2.51230871e-03 
 8.13604800e-10 -2.66581512e-03 
 8.13750400e-10 -2.90805664e-03 
 8.13896000e-10 -3.12797767e-03 
 8.13925120e-10 -3.16947428e-03 
 8.13983360e-10 -3.25118361e-03 
 8.14099840e-10 -3.40721420e-03 
 8.14254400e-10 -3.60007482e-03 
 8.14277696e-10 -3.62763741e-03 
 8.14324288e-10 -3.68210491e-03 
 8.14417472e-10 -3.78719119e-03 
 8.14603840e-10 -3.98288222e-03 
 8.14976576e-10 -4.32280215e-03 
 8.15722048e-10 -4.83865192e-03 
 8.17212992e-10 -5.44340006e-03 
 8.19212992e-10 -5.78031264e-03 
 8.20351496e-10 -5.85735186e-03 
 8.21490000e-10 -5.90353155e-03 
 8.21690000e-10 -5.90930722e-03 
 8.22090000e-10 -5.92008330e-03 
 8.22890000e-10 -5.93778423e-03 
 8.24490000e-10 -5.96343148e-03 
 8.26490000e-10 -5.98594571e-03 
 8.28490000e-10 -6.00436663e-03 
 8.30430000e-10 -6.02096878e-03 
 8.30510000e-10 -6.02164026e-03 
 8.30670000e-10 -6.02298225e-03 
 8.30950000e-10 -6.02532623e-03 
 8.31230000e-10 -6.02766505e-03 
 8.31286000e-10 -6.02813216e-03 
 8.31398000e-10 -6.02906602e-03 
 8.31622000e-10 -6.03093179e-03 
 8.32070000e-10 -6.03465634e-03 
 8.32966000e-10 -6.04208312e-03 
 8.34758000e-10 -6.05687655e-03 
 8.36758000e-10 -6.07332697e-03 
 8.38758000e-10 -6.08973778e-03 
 8.40758000e-10 -6.10611785e-03 
 8.42758000e-10 -6.12247004e-03 
 8.44758000e-10 -6.13879527e-03 
 8.46758000e-10 -6.15509386e-03 
 8.48758000e-10 -6.17136594e-03 
 8.50758000e-10 -6.18761159e-03 
 8.52758000e-10 -6.20383085e-03 
 8.54758000e-10 -6.22002377e-03 
 8.56758000e-10 -6.23619039e-03 
 8.58758000e-10 -6.25233076e-03 
 8.60758000e-10 -6.26844492e-03 
 8.62758000e-10 -6.28453290e-03 
 8.64758000e-10 -6.30059475e-03 
 8.66758000e-10 -6.31663052e-03 
 8.68758000e-10 -6.33264023e-03 
 8.70758000e-10 -6.34862395e-03 
 8.72758000e-10 -6.36458170e-03 
 8.74758000e-10 -6.38051353e-03 
 8.76758000e-10 -6.39641948e-03 
 8.78758000e-10 -6.41229959e-03 
 8.80758000e-10 -6.42815391e-03 
 8.82758000e-10 -6.44398247e-03 
 8.84758000e-10 -6.45978532e-03 
 8.86758000e-10 -6.47556250e-03 
 8.88758000e-10 -6.49131404e-03 
 8.90758000e-10 -6.50703999e-03 
 8.92629000e-10 -6.52172849e-03 
 8.94500000e-10 -6.53639467e-03 
 8.94700000e-10 -6.53796095e-03 
 8.95100000e-10 -6.54109302e-03 
 8.95900000e-10 -6.54735411e-03 
 8.96770000e-10 -6.55415842e-03 
 8.96930000e-10 -6.55540918e-03 
 8.97250000e-10 -6.55791038e-03 
 8.97890000e-10 -6.56291082e-03 
 8.99170000e-10 -6.57290391e-03 
 9.01170000e-10 -6.58849731e-03 
 9.03170000e-10 -6.60406537e-03 
 9.05170000e-10 -6.61960814e-03 
 9.07170000e-10 -6.63512565e-03 
 9.09170000e-10 -6.65061795e-03 
 9.11170000e-10 -6.66608508e-03 
 9.13170000e-10 -6.68152708e-03 
 9.15170000e-10 -6.69694398e-03 
 9.17170000e-10 -6.71233584e-03 
 9.19170000e-10 -6.72770268e-03 
 9.21170000e-10 -6.74304456e-03 
 9.23170000e-10 -6.75836150e-03 
 9.25170000e-10 -6.77365356e-03 
 9.27170000e-10 -6.78892077e-03 
 9.29170000e-10 -6.80416316e-03 
 9.31170000e-10 -6.81938079e-03 
 9.33170000e-10 -6.83457369e-03 
 9.35170000e-10 -6.84974190e-03 
 9.37170000e-10 -6.86488547e-03 
 9.39170000e-10 -6.88000442e-03 
 9.41170000e-10 -6.89509880e-03 
 9.43170000e-10 -6.91016866e-03 
 9.45170000e-10 -6.92521402e-03 
 9.47170000e-10 -6.94023494e-03 
 9.49170000e-10 -6.95523144e-03 
 9.51170000e-10 -6.97020357e-03 
 9.53170000e-10 -6.98515137e-03 
 9.55170000e-10 -7.00007488e-03 
 9.57170000e-10 -7.01497414e-03 
 9.59170000e-10 -7.02984918e-03 
 9.61170000e-10 -7.04470005e-03 
 9.63170000e-10 -7.05952678e-03 
 9.65170000e-10 -7.07432942e-03 
 9.67170000e-10 -7.08910799e-03 
 9.69170000e-10 -7.10386255e-03 
 9.71170000e-10 -7.11859313e-03 
 9.73170000e-10 -7.13329977e-03 
 9.75170000e-10 -7.14798251e-03 
 9.77170000e-10 -7.16264139e-03 
 9.79170000e-10 -7.17727644e-03 
 9.81170000e-10 -7.19188770e-03 
 9.83170000e-10 -7.20647522e-03 
 9.85170000e-10 -7.22103903e-03 
 9.87170000e-10 -7.23557917e-03 
 9.89170000e-10 -7.25009568e-03 
 9.91170000e-10 -7.26458859e-03 
 9.93170000e-10 -7.27905795e-03 
 9.95170000e-10 -7.29350380e-03 
 9.97170000e-10 -7.30792616e-03 
 9.99170000e-10 -7.32232508e-03 
 1.00117000e-09 -7.33670060e-03 
 1.00236500e-09 -7.34527882e-03 
 1.00356000e-09 -7.35384870e-03 
 1.00376000e-09 -7.35528206e-03 
 1.00416000e-09 -7.35814832e-03 
 1.00496000e-09 -7.36387803e-03 
 1.00656000e-09 -7.37532628e-03 
 1.00828000e-09 -7.38761654e-03 
 1.01000000e-09 -7.39988962e-03 
 1.01020000e-09 -7.40130864e-03 
 1.01060000e-09 -6.88057214e-03 
 1.01140000e-09 -5.46163746e-03 
 1.01244000e-09 -4.45592009e-03 
 1.01254816e-09 -4.36717297e-03 
 1.01276448e-09 -4.21085553e-03 
 1.01314304e-09 -3.99320428e-03 
 1.01352160e-09 -3.81368546e-03 
 1.01355904e-09 -3.79810810e-03 
 1.01363392e-09 -3.76750261e-03 
 1.01376496e-09 -3.71659709e-03 
 1.01389600e-09 -3.66900527e-03 
 1.01392221e-09 -3.65993476e-03 
 1.01397462e-09 -3.64203782e-03 
 1.01407946e-09 -3.60766923e-03 
 1.01425440e-09 -3.55430694e-03 
 1.01427537e-09 -3.54826853e-03 
 1.01431730e-09 -3.53632201e-03 
 1.01440116e-09 -3.51319410e-03 
 1.01450250e-09 -3.48655962e-03 
 1.01460384e-09 -3.46129335e-03 
 1.01462411e-09 -3.45642466e-03 
 1.01466464e-09 -3.44678889e-03 
 1.01474571e-09 -3.42811447e-03 
 1.01486114e-09 -3.40284470e-03 
 1.01497658e-09 -3.37904867e-03 
 1.01499966e-09 -3.37448723e-03 
 1.01504584e-09 -3.36547266e-03 
 1.01513818e-09 -3.34807822e-03 
 1.01532287e-09 -3.31568276e-03 
 1.01552246e-09 -3.28400323e-03 
 1.01572205e-09 -3.25545360e-03 
 1.01576197e-09 -3.25015068e-03 
 1.01584180e-09 -3.23976088e-03 
 1.01600147e-09 -3.22022578e-03 
 1.01632081e-09 -3.18565686e-03 
 1.01676690e-09 -3.14599768e-03 
 1.01721299e-09 -3.11460485e-03 
 1.01730221e-09 -3.10930412e-03 
 1.01748065e-09 -3.09917479e-03 
 1.01783752e-09 -3.08150862e-03 
 1.01855126e-09 -3.05451874e-03 
 1.01945138e-09 -3.03214591e-03 
 1.02035150e-09 -3.01837644e-03 
 1.02048535e-09 -3.01692470e-03 
 1.02075305e-09 -3.01421737e-03 
 1.02122152e-09 -3.01032203e-03 
 1.02169000e-09 -3.00731568e-03 
 1.02178370e-09 -3.00681818e-03 
 1.02197109e-09 -3.00587239e-03 
 1.02234587e-09 -3.00424972e-03 
 1.02289000e-09 -3.00242421e-03 
 1.02296496e-09 -3.00222057e-03 
 1.02311487e-09 -3.00183032e-03 
 1.02341469e-09 -3.00114445e-03 
 1.02401434e-09 -3.00008601e-03 
 1.02521364e-09 -2.99884330e-03 
 1.02685182e-09 -2.99824713e-03 
 1.02849000e-09 -2.99825447e-03 
 1.02868400e-09 -2.99827808e-03 
 1.02907200e-09 -2.99832978e-03 
 1.02975100e-09 -2.99843842e-03 
 1.03043000e-09 -2.99856448e-03 
 1.03052680e-09 -2.99858369e-03 
 1.03072040e-09 -2.99862257e-03 
 1.03105920e-09 -2.99869255e-03 
 1.03139800e-09 -2.99876469e-03 
 1.03146576e-09 -2.99877938e-03 
 1.03160128e-09 -2.99880890e-03 
 1.03187232e-09 -2.99886868e-03 
 1.03241440e-09 -2.99899076e-03 
 1.03349856e-09 -2.99924211e-03 
 1.03549856e-09 -2.99971953e-03 
 1.03749856e-09 -3.00020484e-03 
 1.03949856e-09 -3.00069206e-03 
 1.04149856e-09 -3.00117932e-03 
 1.04349856e-09 -3.00166604e-03 
 1.04512828e-09 -3.00206211e-03 
 1.04675800e-09 -3.00245768e-03 
 1.04695800e-09 -3.00250619e-03 
 1.04735800e-09 -3.00260318e-03 
 1.04805800e-09 -3.00277284e-03 
 1.04875800e-09 -3.00294240e-03 
 1.04889800e-09 -3.00297630e-03 
 1.04917800e-09 -3.00304409e-03 
 1.04973800e-09 -3.00317963e-03 
 1.05075800e-09 -3.00342633e-03 
 1.05087000e-09 -3.00345341e-03 
 1.05109400e-09 -3.00350755e-03 
 1.05154200e-09 -3.00361581e-03 
 1.05215000e-09 -3.00376268e-03 
 1.05275800e-09 -3.00390947e-03 
 1.05287960e-09 -3.00393881e-03 
 1.05312280e-09 -3.00399750e-03 
 1.05360920e-09 -3.00411485e-03 
 1.05418360e-09 -3.00425336e-03 
 1.05475800e-09 -3.00439181e-03 
 1.05487288e-09 -3.00441949e-03 
 1.05510264e-09 -3.00447484e-03 
 1.05556216e-09 -3.00458552e-03 
 1.05648120e-09 -3.00480675e-03 
 1.05831928e-09 -3.00524872e-03 
 1.06031928e-09 -3.00572885e-03 
 1.06231928e-09 -3.00620820e-03 
 1.06431928e-09 -3.00668676e-03 
 1.06631928e-09 -3.00716454e-03 
 1.06831928e-09 -3.00764153e-03 
 1.07031928e-09 -3.00811773e-03 
 1.07231928e-09 -3.00859316e-03 
 1.07431928e-09 -3.00906780e-03 
 1.07631928e-09 -3.00954167e-03 
 1.07831928e-09 -3.01001475e-03 
 1.08031928e-09 -3.01048706e-03 
 1.08231928e-09 -3.01095860e-03 
 1.08431928e-09 -3.01142936e-03 
 1.08631928e-09 -3.01189936e-03 
 1.08831928e-09 -3.01236858e-03 
 1.09031928e-09 -3.01283703e-03 
 1.09231928e-09 -3.01330472e-03 
 1.09431928e-09 -3.01377164e-03 
 1.09562464e-09 -3.01407597e-03 
 1.09693000e-09 -3.01437999e-03 
 1.09713000e-09 -3.01442653e-03 
 1.09753000e-09 -3.01451961e-03 
 1.09833000e-09 -3.01470567e-03 
 1.09993000e-09 -3.01507743e-03 
 1.10193000e-09 -3.01554145e-03 
 1.10393000e-09 -3.01600471e-03 
 1.10593000e-09 -3.01646721e-03 
 1.10793000e-09 -3.01692895e-03 
 1.10993000e-09 -3.01738994e-03 
 1.11193000e-09 -3.01785017e-03 
 1.11393000e-09 -3.01830966e-03 
 1.11593000e-09 -3.01876839e-03 
 1.11793000e-09 -3.01922637e-03 
 1.11993000e-09 -3.01968360e-03 
 1.12193000e-09 -3.02014008e-03 
 1.12393000e-09 -3.02059582e-03 
 1.12593000e-09 -3.02105081e-03 
 1.12793000e-09 -3.02150506e-03 
 1.12993000e-09 -3.02195857e-03 
 1.13193000e-09 -3.02241134e-03 
 1.13393000e-09 -3.02286336e-03 
 1.13593000e-09 -3.02331465e-03 
 1.13793000e-09 -3.02376520e-03 
 1.13993000e-09 -3.02421502e-03 
 1.14193000e-09 -3.02466410e-03 
 1.14393000e-09 -3.02511245e-03 
 1.14593000e-09 -3.02556007e-03 
 1.14793000e-09 -3.02600695e-03 
 1.14993000e-09 -3.02645311e-03 
 1.15193000e-09 -3.02689854e-03 
 1.15393000e-09 -3.02734324e-03 
 1.15593000e-09 -3.02778721e-03 
 1.15793000e-09 -3.02823046e-03 
 1.15993000e-09 -3.02867299e-03 
 1.16193000e-09 -3.02911480e-03 
 1.16393000e-09 -3.02955588e-03 
 1.16593000e-09 -3.02999625e-03 
 1.16793000e-09 -3.03043590e-03 
 1.16993000e-09 -3.03087483e-03 
 1.17193000e-09 -3.03131304e-03 
 1.17393000e-09 -3.03175054e-03 
 1.17593000e-09 -3.03218732e-03 
 1.17793000e-09 -3.03262340e-03 
 1.17993000e-09 -3.03305876e-03 
 1.18193000e-09 -3.03349341e-03 
 1.18393000e-09 -3.03392736e-03 
 1.18593000e-09 -3.03436059e-03 
 1.18793000e-09 -3.03479312e-03 
 1.18993000e-09 -3.03522495e-03 
 1.19193000e-09 -3.03565607e-03 
 1.19393000e-09 -3.03608648e-03 
 1.19593000e-09 -3.03651586e-03 
 1.19793000e-09 -3.03694029e-03 
 1.19993000e-09 -3.03733948e-03 
 1.20174500e-09 -3.03764644e-03 
 1.20356000e-09 -3.03792476e-03 
 1.20376000e-09 -3.03795746e-03 
 1.20416000e-09 -3.03802527e-03 
 1.20496000e-09 -3.03817417e-03 
 1.20656000e-09 -3.03851528e-03 
 1.20828000e-09 -3.03892677e-03 
 1.21000000e-09 -3.03936174e-03 
 1.21020000e-09 -3.03942006e-03 
 1.21060000e-09 -3.03954398e-03 
 1.21140000e-09 -3.03981261e-03 
 1.21244000e-09 -3.04016733e-03 
 1.21255190e-09 -3.02037205e-03 
 1.21277571e-09 -2.93735145e-03 
 1.21316738e-09 -2.56991505e-03 
 1.21355904e-09 -1.93573536e-03 
 1.21356653e-09 -1.92146120e-03 
 1.21358150e-09 -1.89320951e-03 
 1.21360771e-09 -1.84508169e-03 
 1.21363392e-09 -1.79842575e-03 
 1.21363916e-09 -1.78927754e-03 
 1.21364964e-09 -1.77107296e-03 
 1.21367061e-09 -1.73518574e-03 
 1.21371254e-09 -1.66525912e-03 
 1.21376496e-09 -1.58083868e-03 
 1.21377335e-09 -1.56764763e-03 
 1.21379012e-09 -1.54140774e-03 
 1.21382367e-09 -1.48975343e-03 
 1.21389076e-09 -1.38952180e-03 
 1.21398511e-09 -1.25493431e-03 
 1.21407946e-09 -1.12715675e-03 
 1.21409833e-09 -1.10249871e-03 
 1.21413607e-09 -1.05367046e-03 
 1.21421154e-09 -9.58871020e-04 
 1.21430635e-09 -8.44974372e-04 
 1.21440116e-09 -7.36566721e-04 
 1.21442013e-09 -7.15625041e-04 
 1.21445805e-09 -6.74149198e-04 
 1.21453390e-09 -5.93593845e-04 
 1.21462411e-09 -5.01808160e-04 
 1.21463928e-09 -4.86850441e-04 
 1.21466962e-09 -4.57167616e-04 
 1.21473029e-09 -3.99175786e-04 
 1.21479572e-09 -3.38649698e-04 
 1.21486114e-09 -2.80133367e-04 
 1.21487423e-09 -2.68704788e-04 
 1.21490040e-09 -2.46000873e-04 
 1.21495274e-09 -2.01500133e-04 
 1.21505742e-09 -1.16006724e-04 
 1.21526678e-09  4.18536109e-05 
 1.21568550e-09  3.11511083e-04 
 1.21632081e-09  6.25467835e-04 
 1.21640456e-09  6.58689713e-04 
 1.21657204e-09  7.22408708e-04 
 1.21690702e-09  8.34807190e-04 
 1.21748065e-09  9.88517862e-04 
 1.21751633e-09  9.96546104e-04 
 1.21758771e-09  1.01231885e-03 
 1.21771261e-09  1.03859862e-03 
 1.21783752e-09  1.06327829e-03 
 1.21786250e-09  1.06800026e-03 
 1.21791246e-09  1.07732741e-03 
 1.21801238e-09  1.09529878e-03 
 1.21821223e-09  1.12867829e-03 
 1.21861193e-09  1.18639026e-03 
 1.21941132e-09  1.27340623e-03 
 1.22048535e-09  1.34853755e-03 
 1.22060581e-09  1.35451200e-03 
 1.22084674e-09  1.36585114e-03 
 1.22126837e-09  1.38304989e-03 
 1.22169000e-09  1.39740477e-03 
 1.22177433e-09  1.39993610e-03 
 1.22194298e-09  1.40483318e-03 
 1.22228028e-09  1.41371395e-03 
 1.22284749e-09  1.42635930e-03 
 1.22341469e-09  1.43672209e-03 
 1.22352813e-09  1.43853731e-03 
 1.22375502e-09  1.44204932e-03 
 1.22420878e-09  1.44843765e-03 
 1.22511631e-09  1.45927727e-03 
 1.22693137e-09  1.47630717e-03 
 1.22834119e-09  1.48713722e-03 
 1.22975100e-09  1.49715021e-03 
 1.22981890e-09  1.49761915e-03 
 1.22995470e-09  1.49855557e-03 
 1.23019235e-09  1.50018772e-03 
 1.23043000e-09  1.50181222e-03 
 1.23047753e-09  1.50213614e-03 
 1.23057259e-09  1.50278346e-03 
 1.23076271e-09  1.50407513e-03 
 1.23108036e-09  1.50622525e-03 
 1.23139800e-09  1.50836655e-03 
 1.23146153e-09  1.50879371e-03 
 1.23158859e-09  1.50964745e-03 
 1.23184270e-09  1.51135172e-03 
 1.23235094e-09  1.51474913e-03 
 1.23336740e-09  1.52150997e-03 
 1.23536740e-09  1.53473030e-03 
 1.23736740e-09  1.54788691e-03 
 1.23936740e-09  1.56100876e-03 
 1.24136740e-09  1.57410503e-03 
 1.24336740e-09  1.58717867e-03 
 1.24536740e-09  1.60023065e-03 
 1.24735800e-09  1.61320008e-03 
 1.24749800e-09  1.61411138e-03 
 1.24777800e-09  1.61593377e-03 
 1.24826800e-09  1.61912197e-03 
 1.24875800e-09  1.62230889e-03 
 1.24885600e-09  1.62294610e-03 
 1.24905200e-09  1.62422042e-03 
 1.24944400e-09  1.62676843e-03 
 1.25022800e-09  1.63186202e-03 
 1.25109400e-09  1.63748457e-03 
 1.25125080e-09  1.63850212e-03 
 1.25156440e-09  1.64053695e-03 
 1.25219160e-09  1.64460505e-03 
 1.25312280e-09  1.65064113e-03 
 1.25324824e-09  1.65145384e-03 
 1.25349912e-09  1.65307911e-03 
 1.25400088e-09  1.65632864e-03 
 1.25475800e-09  1.66122944e-03 
 1.25485835e-09  1.66187876e-03 
 1.25505906e-09  1.66317729e-03 
 1.25546046e-09  1.66577373e-03 
 1.25626328e-09  1.67096406e-03 
 1.25786891e-09  1.68133456e-03 
 1.25986891e-09  1.69423328e-03 
 1.26186891e-09  1.70711103e-03 
 1.26386891e-09  1.71996785e-03 
 1.26586891e-09  1.73280378e-03 
 1.26786891e-09  1.74561883e-03 
 1.26986891e-09  1.75841306e-03 
 1.27186891e-09  1.77118649e-03 
 1.27386891e-09  1.78393915e-03 
 1.27586891e-09  1.79667109e-03 
 1.27786891e-09  1.80938233e-03 
 1.27986891e-09  1.82207291e-03 
 1.28186891e-09  1.83474286e-03 
 1.28386891e-09  1.84739221e-03 
 1.28586891e-09  1.86002100e-03 
 1.28786891e-09  1.87262927e-03 
 1.28986891e-09  1.88521704e-03 
 1.29186891e-09  1.89778434e-03 
 1.29386891e-09  1.91033122e-03 
 1.29586891e-09  1.92285771e-03 
 1.29786891e-09  1.93536383e-03 
 1.29889946e-09  1.94179995e-03 
 1.29993000e-09  1.94823067e-03 
 1.30013000e-09  1.94947797e-03 
 1.30053000e-09  1.95197216e-03 
 1.30133000e-09  1.95695811e-03 
 1.30293000e-09  1.96692029e-03 
 1.30493000e-09  1.97935479e-03 
 1.30693000e-09  1.99176907e-03 
 1.30893000e-09  2.00416318e-03 
 1.31093000e-09  2.01653714e-03 
 1.31293000e-09  2.02889099e-03 
 1.31493000e-09  2.04122476e-03 
 1.31693000e-09  2.05353847e-03 
 1.31893000e-09  2.06583218e-03 
 1.32093000e-09  2.07810590e-03 
 1.32293000e-09  2.09035966e-03 
 1.32493000e-09  2.10259351e-03 
 1.32693000e-09  2.11480748e-03 
 1.32893000e-09  2.12700159e-03 
 1.33093000e-09  2.13917588e-03 
 1.33293000e-09  2.15133038e-03 
 1.33493000e-09  2.16346512e-03 
 1.33693000e-09  2.17558014e-03 
 1.33893000e-09  2.18767547e-03 
 1.34093000e-09  2.19975113e-03 
 1.34293000e-09  2.21180717e-03 
 1.34493000e-09  2.22384361e-03 
 1.34693000e-09  2.23586048e-03 
 1.34893000e-09  2.24785783e-03 
 1.35093000e-09  2.25983567e-03 
 1.35293000e-09  2.27179404e-03 
 1.35493000e-09  2.28373297e-03 
 1.35693000e-09  2.29565250e-03 
 1.35893000e-09  2.30755265e-03 
 1.36093000e-09  2.31943346e-03 
 1.36293000e-09  2.33129496e-03 
 1.36493000e-09  2.34313717e-03 
 1.36693000e-09  2.35496014e-03 
 1.36893000e-09  2.36676389e-03 
 1.37093000e-09  2.37854845e-03 
 1.37293000e-09  2.39031386e-03 
 1.37493000e-09  2.40206014e-03 
 1.37693000e-09  2.41378733e-03 
 1.37893000e-09  2.42549546e-03 
 1.38093000e-09  2.43718456e-03 
 1.38293000e-09  2.44885466e-03 
 1.38493000e-09  2.46050579e-03 
 1.38693000e-09  2.47213798e-03 
 1.38893000e-09  2.48375126e-03 
 1.39093000e-09  2.49534566e-03 
 1.39293000e-09  2.50692122e-03 
 1.39493000e-09  2.51847796e-03 
 1.39693000e-09  2.53001592e-03 
 1.39893000e-09  2.54153513e-03 
 1.40093000e-09  2.55303561e-03 
 1.40224500e-09  2.56058698e-03 
 1.40356000e-09  2.56813029e-03 
 1.40376000e-09  2.56927676e-03 
 1.40416000e-09  2.57156933e-03 
 1.40496000e-09  2.57615223e-03 
 1.40656000e-09  2.58530908e-03 
 1.40828000e-09  2.59513943e-03 
 1.41000000e-09  2.60495602e-03 
 1.41020000e-09  2.60608968e-03 
 1.41060000e-09  2.08690186e-03 
 1.41140000e-09  6.72582422e-04 
 1.41244000e-09 -3.30537295e-04 
 1.41255190e-09 -4.21770820e-04 
 1.41277571e-09 -5.82206672e-04 
 1.41316738e-09 -8.04856711e-04 
 1.41355904e-09 -9.87556639e-04 
 1.41357020e-09 -9.92157900e-04 
 1.41359251e-09 -1.00131510e-03 
 1.41363156e-09 -1.01711756e-03 
 1.41367061e-09 -1.03262984e-03 
 1.41367842e-09 -1.03569109e-03 
 1.41369404e-09 -1.04178988e-03 
 1.41372528e-09 -1.05384540e-03 
 1.41377447e-09 -1.07244677e-03 
 1.41382367e-09 -1.09058597e-03 
 1.41383350e-09 -1.09414989e-03 
 1.41385318e-09 -1.10124171e-03 
 1.41389254e-09 -1.11521131e-03 
 1.41393882e-09 -1.13128212e-03 
 1.41398511e-09 -1.14697250e-03 
 1.41399436e-09 -1.15005819e-03 
 1.41401288e-09 -1.15620012e-03 
 1.41404617e-09 -1.16709638e-03 
 1.41407946e-09 -1.17780639e-03 
 1.41408611e-09 -1.17992264e-03 
 1.41409943e-09 -1.18414058e-03 
 1.41412606e-09 -1.19248981e-03 
 1.41417932e-09 -1.20884756e-03 
 1.41428585e-09 -1.24024606e-03 
 1.41442013e-09 -1.27744224e-03 
 1.41444143e-09 -1.28307647e-03 
 1.41448404e-09 -1.29422206e-03 
 1.41456926e-09 -1.31579192e-03 
 1.41473970e-09 -1.35619936e-03 
 1.41508057e-09 -1.40620666e-03 
 1.41576232e-09 -7.04531880e-04 
 1.41712583e-09  1.11318252e-03 
 1.41912583e-09  2.15242118e-03 
 1.42112583e-09  2.54869017e-03 
 1.42266730e-09  2.61513762e-03 
 1.42420878e-09  2.68751109e-03 
 1.42440878e-09  2.68433678e-03 
 1.42480878e-09  2.68702715e-03 
 1.42560878e-09  2.70066312e-03 
 1.42693137e-09  2.71428876e-03 
 1.42707236e-09  2.71588816e-03 
 1.42735432e-09  2.71860629e-03 
 1.42784775e-09  2.72261816e-03 
 1.42834119e-09  2.72645859e-03 
 1.42843987e-09  2.72717630e-03 
 1.42863725e-09  2.72860598e-03 
 1.42903200e-09  2.73139575e-03 
 1.42975100e-09  2.73623738e-03 
 1.42977137e-09  2.73637057e-03 
 1.42981211e-09  2.73663658e-03 
 1.42988340e-09  2.73710037e-03 
 1.42995470e-09  2.73756205e-03 
 1.42996896e-09  2.73765410e-03 
 1.42999748e-09  2.73783804e-03 
 1.43005451e-09  2.73820501e-03 
 1.43016859e-09  2.73893536e-03 
 1.43029929e-09  2.73976665e-03 
 1.43043000e-09  2.74059236e-03 
 1.43043475e-09  2.74062228e-03 
 1.43044426e-09  2.74068211e-03 
 1.43046089e-09  2.74078675e-03 
 1.43047753e-09  2.74089130e-03 
 1.43048086e-09  2.74091219e-03 
 1.43048751e-09  2.74095398e-03 
 1.43050082e-09  2.74103753e-03 
 1.43052744e-09  2.74120446e-03 
 1.43057259e-09  2.74148717e-03 
 1.43057791e-09  2.74152046e-03 
 1.43058856e-09  2.74158702e-03 
 1.43060985e-09  2.74172005e-03 
 1.43065244e-09  2.74198573e-03 
 1.43073761e-09  2.74251562e-03 
 1.43090796e-09  2.74356986e-03 
 1.43124866e-09  2.74565835e-03 
 1.43184270e-09  2.74924694e-03 
 1.43191084e-09  2.74965436e-03 
 1.43204712e-09  2.75046793e-03 
 1.43231968e-09  2.75208785e-03 
 1.43286479e-09  2.75530311e-03 
 1.43336740e-09  2.75824358e-03 
 1.43347642e-09  2.75887845e-03 
 1.43369447e-09  2.76014670e-03 
 1.43413056e-09  2.76267508e-03 
 1.43500274e-09  2.76770628e-03 
 1.43674709e-09  2.77770212e-03 
 1.43874709e-09  2.78909879e-03 
 1.44074709e-09  2.80045899e-03 
 1.44274709e-09  2.81179506e-03 
 1.44474709e-09  2.82311090e-03 
 1.44674709e-09  2.83440778e-03 
 1.44874709e-09  2.84568610e-03 
 1.45074709e-09  2.85694603e-03 
 1.45274709e-09  2.86818764e-03 
 1.45474709e-09  2.87941095e-03 
 1.45674709e-09  2.89061602e-03 
 1.45874709e-09  2.90180287e-03 
 1.46074709e-09  2.91297153e-03 
 1.46274709e-09  2.92412203e-03 
 1.46474709e-09  2.93525439e-03 
 1.46674709e-09  2.94636866e-03 
 1.46874709e-09  2.95746486e-03 
 1.47074709e-09  2.96854301e-03 
 1.47274709e-09  2.97960316e-03 
 1.47474709e-09  2.99064532e-03 
 1.47674709e-09  3.00166952e-03 
 1.47874709e-09  3.01267581e-03 
 1.48074709e-09  3.02366419e-03 
 1.48274709e-09  3.03463472e-03 
 1.48474709e-09  3.04558740e-03 
 1.48674709e-09  3.05652228e-03 
 1.48874709e-09  3.06743938e-03 
 1.49074709e-09  3.07833873e-03 
 1.49274709e-09  3.08922036e-03 
 1.49474709e-09  3.10008430e-03 
 1.49674709e-09  3.11093057e-03 
 1.49782327e-09  3.11675955e-03 
 1.49889946e-09  3.12258343e-03 
 1.49909946e-09  3.12366510e-03 
 1.49949946e-09  3.12582810e-03 
 1.50029946e-09  3.13015197e-03 
 1.50189946e-09  3.13879129e-03 
 1.50389946e-09  3.14957464e-03 
 1.50589946e-09  3.16034045e-03 
 1.50789946e-09  3.17108876e-03 
 1.50989946e-09  3.18181960e-03 
 1.51189946e-09  3.19253299e-03 
 1.51389946e-09  3.20322896e-03 
 1.51589946e-09  3.21390754e-03 
 1.51789946e-09  3.22456877e-03 
 1.51989946e-09  3.23521265e-03 
 1.52189946e-09  3.24583924e-03 
 1.52389946e-09  3.25644855e-03 
 1.52589946e-09  3.26704061e-03 
 1.52789946e-09  3.27761545e-03 
 1.52989946e-09  3.28817310e-03 
 1.53189946e-09  3.29871358e-03 
 1.53389946e-09  3.30923693e-03 
 1.53589946e-09  3.31974317e-03 
 1.53789946e-09  3.33023233e-03 
 1.53989946e-09  3.34070443e-03 
 1.54189946e-09  3.35115952e-03 
 1.54389946e-09  3.36159760e-03 
 1.54589946e-09  3.37201872e-03 
 1.54789946e-09  3.38242289e-03 
 1.54989946e-09  3.39281015e-03 
 1.55189946e-09  3.40318052e-03 
 1.55389946e-09  3.41353403e-03 
 1.55589946e-09  3.42387071e-03 
 1.55789946e-09  3.43419059e-03 
 1.55989946e-09  3.44449368e-03 
 1.56189946e-09  3.45478003e-03 
 1.56389946e-09  3.46504966e-03 
 1.56589946e-09  3.47530259e-03 
 1.56789946e-09  3.48553885e-03 
 1.56989946e-09  3.49575847e-03 
 1.57189946e-09  3.50596148e-03 
 1.57389946e-09  3.51614789e-03 
 1.57589946e-09  3.52631775e-03 
 1.57789946e-09  3.53647108e-03 
 1.57989946e-09  3.54660790e-03 
 1.58189946e-09  3.55672824e-03 
 1.58389946e-09  3.56683212e-03 
 1.58589946e-09  3.57691958e-03 
 1.58789946e-09  3.58699065e-03 
 1.58989946e-09  3.59704533e-03 
 1.59189946e-09  3.60708368e-03 
 1.59389946e-09  3.61710565e-03 
 1.59589946e-09  3.62711058e-03 
 1.59789946e-09  3.63709342e-03 
 1.59989946e-09  3.64703576e-03 
 1.60172973e-09  3.65607364e-03 
 1.60356000e-09  3.66506684e-03 
 1.60376000e-09  3.66604980e-03 
 1.60416000e-09  3.66801802e-03 
 1.60496000e-09  3.67196634e-03 
 1.60656000e-09  3.67989964e-03 
 1.60828000e-09  3.68846233e-03 
 1.61000000e-09  3.69703734e-03 
 1.61014000e-09  3.69773889e-03 
 1.61042000e-09  3.69914679e-03 
 1.61091000e-09  3.70162389e-03 
 1.61140000e-09  3.70410639e-03 
 1.61149800e-09  3.69079584e-03 
 1.61169400e-09  3.63272874e-03 
 1.61208600e-09  3.30663091e-03 
 1.61282252e-09  2.05070201e-03 
 1.61355904e-09  1.49758383e-04 
 1.61357254e-09  1.10406128e-04 
 1.61359954e-09  3.27976498e-05 
 1.61364679e-09 -9.83201805e-05 
 1.61369404e-09 -2.24449411e-04 
 1.61370349e-09 -2.49076957e-04 
 1.61372239e-09 -2.98028158e-04 
 1.61376019e-09 -3.94189723e-04 
 1.61383350e-09 -5.74591309e-04 
 1.61384106e-09 -5.92714064e-04 
 1.61385618e-09 -6.28805192e-04 
 1.61388642e-09 -7.00076246e-04 
 1.61393882e-09 -8.20786557e-04 
 1.61394345e-09 -8.31270290e-04 
 1.61395271e-09 -8.52185358e-04 
 1.61396891e-09 -8.88536229e-04 
 1.61398511e-09 -9.24571548e-04 
 1.61398788e-09 -9.30713020e-04 
 1.61399344e-09 -9.42977727e-04 
 1.61400316e-09 -9.64353506e-04 
 1.61401288e-09 -9.85618604e-04 
 1.61401482e-09 -9.89856206e-04 
 1.61401871e-09 -9.98322642e-04 
 1.61402649e-09 -1.01520306e-03 
 1.61404204e-09 -1.04875550e-03 
 1.61407314e-09 -1.11503777e-03 
 1.61413535e-09 -1.24439381e-03 
 1.61421060e-09 -1.39533042e-03 
 1.61428585e-09 -1.54045236e-03 
 1.61430089e-09 -1.56868713e-03 
 1.61433099e-09 -1.62471859e-03 
 1.61439119e-09 -1.73419552e-03 
 1.61448023e-09 -1.88999264e-03 
 1.61456926e-09 -2.03876776e-03 
 1.61458707e-09 -2.06757186e-03 
 1.61462268e-09 -2.12465434e-03 
 1.61469391e-09 -2.23572268e-03 
 1.61483636e-09 -2.44602838e-03 
 1.61512127e-09 -2.82340325e-03 
 1.61544180e-09 -3.18670418e-03 
 1.61576232e-09 -3.49457449e-03 
 1.61582643e-09 -3.54563694e-03 
 1.61595464e-09 -3.63631598e-03 
 1.61621106e-09 -3.74657582e-03 
 1.61666844e-09 -3.67529968e-03 
 1.61712583e-09 -3.20758003e-03 
 1.61721730e-09 -3.07508863e-03 
 1.61740026e-09 -2.81542557e-03 
 1.61776616e-09 -2.32309250e-03 
 1.61849797e-09 -1.54314302e-03 
 1.61996160e-09 -8.95267865e-04 
 1.62196160e-09 -7.95742042e-04 
 1.62308519e-09 -7.71252262e-04 
 1.62420878e-09 -7.63418006e-04 
 1.62440878e-09 -7.61759826e-04 
 1.62480878e-09 -7.59512454e-04 
 1.62560878e-09 -7.57347237e-04 
 1.62707236e-09 -7.56034606e-04 
 1.62722885e-09 -7.56111055e-04 
 1.62754182e-09 -7.56268803e-04 
 1.62808954e-09 -7.56665375e-04 
 1.62863725e-09 -7.57229538e-04 
 1.62874679e-09 -7.57359048e-04 
 1.62896588e-09 -7.57627336e-04 
 1.62935844e-09 -7.58147197e-04 
 1.62975100e-09 -7.58708474e-04 
 1.62978135e-09 -7.58753525e-04 
 1.62984205e-09 -7.58844011e-04 
 1.62994828e-09 -7.59004171e-04 
 1.63005451e-09 -7.59166541e-04 
 1.63007576e-09 -7.59199313e-04 
 1.63011825e-09 -7.59265022e-04 
 1.63020323e-09 -7.59397401e-04 
 1.63031662e-09 -7.59575937e-04 
 1.63043000e-09 -7.59756554e-04 
 1.63043143e-09 -7.59758839e-04 
 1.63043428e-09 -7.59763408e-04 
 1.63043927e-09 -7.59771408e-04 
 1.63044426e-09 -7.59779411e-04 
 1.63044526e-09 -7.59781012e-04 
 1.63044725e-09 -7.59784215e-04 
 1.63045125e-09 -7.59790622e-04 
 1.63045923e-09 -7.59803444e-04 
 1.63047520e-09 -7.59829117e-04 
 1.63050714e-09 -7.59880575e-04 
 1.63057102e-09 -7.59983937e-04 
 1.63065432e-09 -7.60119580e-04 
 1.63073761e-09 -7.60256166e-04 
 1.63075427e-09 -7.60283611e-04 
 1.63078759e-09 -7.60338572e-04 
 1.63085423e-09 -7.60448912e-04 
 1.63098750e-09 -7.60671193e-04 
 1.63125405e-09 -7.61121633e-04 
 1.63154838e-09 -7.61627162e-04 
 1.63184270e-09 -7.62140057e-04 
 1.63190157e-09 -7.62243557e-04 
 1.63201930e-09 -7.62451028e-04 
 1.63225476e-09 -7.62868625e-04 
 1.63272568e-09 -7.63712954e-04 
 1.63342812e-09 -7.64990204e-04 
 1.63413056e-09 -7.66283121e-04 
 1.63427104e-09 -7.66543353e-04 
 1.63455202e-09 -7.67064524e-04 
 1.63511397e-09 -7.68110513e-04 
 1.63623787e-09 -7.70212558e-04 
 1.63823787e-09 -7.73969715e-04 
 1.64023787e-09 -7.77733413e-04 
 1.64223787e-09 -7.81494962e-04 
 1.64423787e-09 -7.85251658e-04 
 1.64623787e-09 -7.89002646e-04 
 1.64823787e-09 -7.92747664e-04 
 1.65023787e-09 -7.96486629e-04 
 1.65223787e-09 -8.00219521e-04 
 1.65423787e-09 -8.03946349e-04 
 1.65623787e-09 -8.07667122e-04 
 1.65823787e-09 -8.11381853e-04 
 1.66023787e-09 -8.15090543e-04 
 1.66223787e-09 -8.18793201e-04 
 1.66423787e-09 -8.22489840e-04 
 1.66623787e-09 -8.26180471e-04 
 1.66823787e-09 -8.29865102e-04 
 1.67023787e-09 -8.33543744e-04 
 1.67223787e-09 -8.37216406e-04 
 1.67423787e-09 -8.40883098e-04 
 1.67623787e-09 -8.44543831e-04 
 1.67823787e-09 -8.48198612e-04 
 1.68023787e-09 -8.51847454e-04 
 1.68223787e-09 -8.55490364e-04 
 1.68423787e-09 -8.59127354e-04 
 1.68623787e-09 -8.62758432e-04 
 1.68823787e-09 -8.66383608e-04 
 1.69023787e-09 -8.70002892e-04 
 1.69223787e-09 -8.73616294e-04 
 1.69423787e-09 -8.77223823e-04 
 1.69623787e-09 -8.80825489e-04 
 1.69823787e-09 -8.84421301e-04 
 1.70023787e-09 -8.88011269e-04 
 1.70223787e-09 -8.91595403e-04 
 1.70423787e-09 -8.95173712e-04 
 1.70623787e-09 -8.98746205e-04 
 1.70823787e-09 -9.02312893e-04 
 1.71023787e-09 -9.05873784e-04 
 1.71223787e-09 -9.09428888e-04 
 1.71423787e-09 -9.12978214e-04 
 1.71623787e-09 -9.16521772e-04 
 1.71823787e-09 -9.20059572e-04 
 1.72023787e-09 -9.23591622e-04 
 1.72223787e-09 -9.27117933e-04 
 1.72423787e-09 -9.30638513e-04 
 1.72623787e-09 -9.34153371e-04 
 1.72823787e-09 -9.37662518e-04 
 1.73023787e-09 -9.41165962e-04 
 1.73223787e-09 -9.44663713e-04 
 1.73423787e-09 -9.48155781e-04 
 1.73623787e-09 -9.51642173e-04 
 1.73823787e-09 -9.55122900e-04 
 1.74023787e-09 -9.58597970e-04 
 1.74223787e-09 -9.62067394e-04 
 1.74423787e-09 -9.65531180e-04 
 1.74623787e-09 -9.68989337e-04 
 1.74823787e-09 -9.72441875e-04 
 1.75023787e-09 -9.75888803e-04 
 1.75223787e-09 -9.79330129e-04 
 1.75423787e-09 -9.82765863e-04 
 1.75623787e-09 -9.86196015e-04 
 1.75823787e-09 -9.89620593e-04 
 1.76023787e-09 -9.93039605e-04 
 1.76223787e-09 -9.96453063e-04 
 1.76423787e-09 -9.99860973e-04 
 1.76606866e-09 -1.00297571e-03 
 1.76789946e-09 -1.00608581e-03 
 1.76809946e-09 -1.00642526e-03 
 1.76849946e-09 -1.00710404e-03 
 1.76929946e-09 -1.00846094e-03 
 1.77089946e-09 -1.01117210e-03 
 1.77289946e-09 -1.01455609e-03 
 1.77489946e-09 -1.01793459e-03 
 1.77689946e-09 -1.02130759e-03 
 1.77889946e-09 -1.02467512e-03 
 1.78089946e-09 -1.02803717e-03 
 1.78289946e-09 -1.03139376e-03 
 1.78489946e-09 -1.03474489e-03 
 1.78689946e-09 -1.03809058e-03 
 1.78889946e-09 -1.04143084e-03 
 1.79089946e-09 -1.04476566e-03 
 1.79289946e-09 -1.04809507e-03 
 1.79489946e-09 -1.05141907e-03 
 1.79689946e-09 -1.05473766e-03 
 1.79889946e-09 -1.05805087e-03 
 1.80089946e-09 -1.06135869e-03 
 1.80222973e-09 -1.06355586e-03 
 1.80356000e-09 -1.06575066e-03 
 1.80376000e-09 -1.06608041e-03 
 1.80416000e-09 -1.06673979e-03 
 1.80496000e-09 -1.06805791e-03 
 1.80656000e-09 -1.07069159e-03 
 1.80828000e-09 -1.07351897e-03 
 1.81000000e-09 -1.07634240e-03 
 1.81009100e-09 -1.07649011e-03 
 1.81027300e-09 -1.04372116e-03 
 1.81059150e-09 -7.15797244e-04 
 1.81091000e-09  6.78832095e-07 
 1.81095900e-09  1.33070651e-04 
 1.81105700e-09  3.84963946e-04 
 1.81122850e-09  7.51269470e-04 
 1.81140000e-09  9.91488846e-04 
 1.81143430e-09  1.02595290e-03 
 1.81150290e-09  1.09707607e-03 
 1.81164010e-09  1.24285896e-03 
 1.81191450e-09  1.51599345e-03 
 1.81246330e-09  1.96548526e-03 
 1.81355904e-09  2.56667331e-03 
 1.81356309e-09  2.56826439e-03 
 1.81357119e-09  2.57143997e-03 
 1.81358537e-09  2.57696574e-03 
 1.81359954e-09  2.58245164e-03 
 1.81360238e-09  2.58326219e-03 
 1.81360805e-09  2.58416610e-03 
 1.81361939e-09  2.58053059e-03 
 1.81363309e-09  2.56309362e-03 
 1.81364679e-09  2.52682258e-03 
 1.81364953e-09  2.51727013e-03 
 1.81365501e-09  2.49793705e-03 
 1.81366597e-09  2.45878936e-03 
 1.81368001e-09  2.41070667e-03 
 1.81369404e-09  2.36898433e-03 
 1.81369685e-09  2.36157831e-03 
 1.81370246e-09  2.34692057e-03 
 1.81371369e-09  2.31847912e-03 
 1.81373614e-09  2.26463771e-03 
 1.81378105e-09  2.16636011e-03 
 1.81383350e-09  2.06303168e-03 
 1.81384249e-09  2.04640247e-03 
 1.81386045e-09  2.01354982e-03 
 1.81389637e-09  1.95003525e-03 
 1.81394345e-09  1.87051305e-03 
 1.81395063e-09  1.85874168e-03 
 1.81396501e-09  1.83534695e-03 
 1.81399375e-09  1.78940088e-03 
 1.81405123e-09  1.70052054e-03 
 1.81416619e-09  1.53289142e-03 
 1.81428585e-09  1.37059045e-03 
 1.81430884e-09  1.34086144e-03 
 1.81435482e-09  1.28214245e-03 
 1.81444679e-09  1.16898226e-03 
 1.81458707e-09  1.00667136e-03 
 1.81460546e-09  9.86372445e-04 
 1.81464225e-09  9.46161515e-04 
 1.81471582e-09  8.67955404e-04 
 1.81486297e-09  7.17926869e-04 
 1.81515728e-09  4.12581641e-04 
 1.81545980e-09 -2.43547641e-05 
 1.81576232e-09 -7.32966954e-04 
 1.81582283e-09 -9.04770133e-04 
 1.81594384e-09 -1.24427923e-03 
 1.81618586e-09 -1.89901118e-03 
 1.81666844e-09 -3.01051728e-03 
 1.81671418e-09 -3.09640242e-03 
 1.81680566e-09 -3.25904982e-03 
 1.81696574e-09 -3.49677526e-03 
 1.81712583e-09 -3.66888588e-03 
 1.81715784e-09 -3.69677393e-03 
 1.81722188e-09 -3.75355866e-03 
 1.81734994e-09 -3.86786744e-03 
 1.81755805e-09 -4.04349334e-03 
 1.81776616e-09 -4.20277470e-03 
 1.81780778e-09 -4.23234528e-03 
 1.81789103e-09 -4.29025714e-03 
 1.81805751e-09 -4.39899344e-03 
 1.81839049e-09 -4.59086703e-03 
 1.81905644e-09 -4.89099512e-03 
 1.82038834e-09 -5.26422651e-03 
 1.82196160e-09 -5.47622697e-03 
 1.82207396e-09 -5.48511828e-03 
 1.82229868e-09 -5.50202777e-03 
 1.82269193e-09 -5.52780698e-03 
 1.82308519e-09 -5.54944048e-03 
 1.82316384e-09 -5.55326639e-03 
 1.82332115e-09 -5.56067118e-03 
 1.82363575e-09 -5.57411041e-03 
 1.82420878e-09 -5.59466726e-03 
 1.82427170e-09 -5.59662293e-03 
 1.82439755e-09 -5.60044480e-03 
 1.82464923e-09 -5.60758447e-03 
 1.82515260e-09 -5.62013840e-03 
 1.82615934e-09 -5.64012962e-03 
 1.82707236e-09 -5.65411075e-03 
 1.82727236e-09 -5.65675702e-03 
 1.82767236e-09 -5.66187413e-03 
 1.82847236e-09 -5.67123600e-03 
 1.82935844e-09 -5.68061461e-03 
 1.82942805e-09 -5.68131512e-03 
 1.82956726e-09 -5.68270880e-03 
 1.82981089e-09 -5.68511452e-03 
 1.83005451e-09 -5.68748188e-03 
 1.83009206e-09 -5.68784319e-03 
 1.83016716e-09 -5.68856426e-03 
 1.83029858e-09 -5.68981896e-03 
 1.83043000e-09 -5.69106498e-03 
 1.83043212e-09 -5.69108506e-03 
 1.83043637e-09 -5.69112520e-03 
 1.83044381e-09 -5.69119543e-03 
 1.83045125e-09 -5.69126564e-03 
 1.83045273e-09 -5.69127967e-03 
 1.83045571e-09 -5.69130775e-03 
 1.83046166e-09 -5.69136388e-03 
 1.83047355e-09 -5.69147610e-03 
 1.83049735e-09 -5.69170034e-03 
 1.83054494e-09 -5.69214806e-03 
 1.83064012e-09 -5.69304054e-03 
 1.83073761e-09 -5.69395074e-03 
 1.83075665e-09 -5.69412794e-03 
 1.83079472e-09 -5.69448205e-03 
 1.83087087e-09 -5.69518862e-03 
 1.83102316e-09 -5.69659536e-03 
 1.83132774e-09 -5.69938561e-03 
 1.83184270e-09 -5.70404323e-03 
 1.83190362e-09 -5.70458926e-03 
 1.83202545e-09 -5.70567973e-03 
 1.83226912e-09 -5.70785168e-03 
 1.83275645e-09 -5.71216443e-03 
 1.83344350e-09 -5.71818808e-03 
 1.83413056e-09 -5.72416175e-03 
 1.83426797e-09 -5.72535102e-03 
 1.83454279e-09 -5.72772708e-03 
 1.83509243e-09 -5.73246610e-03 
 1.83619172e-09 -5.74190451e-03 
 1.83819172e-09 -5.75899060e-03 
 1.84019172e-09 -5.77601002e-03 
 1.84219172e-09 -5.79298949e-03 
 1.84419172e-09 -5.80993752e-03 
 1.84619172e-09 -5.82685680e-03 
 1.84819172e-09 -5.84374821e-03 
 1.85019172e-09 -5.86061209e-03 
 1.85219172e-09 -5.87744853e-03 
 1.85419172e-09 -5.89425763e-03 
 1.85619172e-09 -5.91103943e-03 
 1.85819172e-09 -5.92779398e-03 
 1.86019172e-09 -5.94452132e-03 
 1.86219172e-09 -5.96122149e-03 
 1.86419172e-09 -5.97789454e-03 
 1.86619172e-09 -5.99454051e-03 
 1.86819172e-09 -6.01115945e-03 
 1.87019172e-09 -6.02775139e-03 
 1.87219172e-09 -6.04431639e-03 
 1.87419172e-09 -6.06085447e-03 
 1.87619172e-09 -6.07736570e-03 
 1.87819172e-09 -6.09385010e-03 
 1.88019172e-09 -6.11030773e-03 
 1.88219172e-09 -6.12673862e-03 
 1.88419172e-09 -6.14314282e-03 
 1.88619172e-09 -6.15952037e-03 
 1.88819172e-09 -6.17587132e-03 
 1.89019172e-09 -6.19219570e-03 
 1.89219172e-09 -6.20849356e-03 
 1.89419172e-09 -6.22476494e-03 
 1.89619172e-09 -6.24100989e-03 
 1.89819172e-09 -6.25722844e-03 
 1.90019172e-09 -6.27342064e-03 
 1.90219172e-09 -6.28958653e-03 
 1.90419172e-09 -6.30572616e-03 
 1.90619172e-09 -6.32183956e-03 
 1.90819172e-09 -6.33792678e-03 
 1.91019172e-09 -6.35398786e-03 
 1.91219172e-09 -6.37002284e-03 
 1.91419172e-09 -6.38603177e-03 
 1.91619172e-09 -6.40201468e-03 
 1.91819172e-09 -6.41797163e-03 
 1.92019172e-09 -6.43390264e-03 
 1.92219172e-09 -6.44980776e-03 
 1.92419172e-09 -6.46568704e-03 
 1.92619172e-09 -6.48154051e-03 
 1.92819172e-09 -6.49736822e-03 
 1.93019172e-09 -6.51317021e-03 
 1.93219172e-09 -6.52894652e-03 
 1.93419172e-09 -6.54469719e-03 
 1.93619172e-09 -6.56042227e-03 
 1.93819172e-09 -6.57612178e-03 
 1.94019172e-09 -6.59179579e-03 
 1.94219172e-09 -6.60744432e-03 
 1.94419172e-09 -6.62306742e-03 
 1.94619172e-09 -6.63866513e-03 
 1.94819172e-09 -6.65423749e-03 
 1.95019172e-09 -6.66978454e-03 
 1.95219172e-09 -6.68530632e-03 
 1.95419172e-09 -6.70080288e-03 
 1.95619172e-09 -6.71627425e-03 
 1.95819172e-09 -6.73172048e-03 
 1.96019172e-09 -6.74714160e-03 
 1.96219172e-09 -6.76253766e-03 
 1.96419172e-09 -6.77790869e-03 
 1.96619172e-09 -6.79325474e-03 
 1.96734559e-09 -6.80209706e-03 
 1.96849946e-09 -6.81093107e-03 
 1.96869946e-09 -6.81246131e-03 
 1.96909946e-09 -6.81552128e-03 
 1.96989946e-09 -6.82163823e-03 
 1.97149946e-09 -6.83386019e-03 
 1.97349946e-09 -6.84911531e-03 
 1.97549946e-09 -6.86434563e-03 
 1.97749946e-09 -6.87955119e-03 
 1.97949946e-09 -6.89473204e-03 
 1.98149946e-09 -6.90988821e-03 
 1.98349946e-09 -6.92501975e-03 
 1.98549946e-09 -6.94012670e-03 
 1.98749946e-09 -6.95520909e-03 
 1.98949946e-09 -6.97026696e-03 
 1.99149946e-09 -6.98530036e-03 
 1.99349946e-09 -7.00030924e-03 
 1.99549946e-09 -7.01529291e-03 
 1.99749946e-09 -7.03024717e-03 
 1.99874973e-09 -7.03957591e-03 
 2.00000000e-09 -7.04888120e-03 
